331488
456236
124253
764255
223748
850705
526387
621159
935112
490148
999874
44493
893495
722201
760687
200119
238752
66148
198403
953626
25015
220542
166985
287011
292458
795806
606760
252618
731188
754027
49732
735093
633293
74127
10900
502047
433496
459259
593484
653970
595425
496219
588437
914705
563939
588412
432563
367299
752423
639855
816598
626065
206605
54085
673933
896495
951830
131543
180391
826357
197009
195006
451403
24403
795392
583060
949372
966435
698004
739302
388259
338726
541433
328053
184682
160266
803983
971967
87501
652395
988147
35413
617140
73129
991692
586987
786573
161360
961533
384043
30433
41705
530165
549448
911224
938460
493003
854106
45617
676255
