294
787
2370
2844
4778
5818
6390
6777
9604
10746
11093
11973
13007
14227
14786
15155
15186
15588
15677
17674
18312
19082
19635
23112
24748
26815
27144
28196
29355
29675
32478
33765
34531
34547
36047
36585
37604
39447
43059
44270
45318
45949
47206
47890
48713
48984
48997
50079
51209
54746
55405
56462
59533
59842
63090
64337
67391
67783
68314
69694
73204
73264
73265
73531
74071
74586
77888
79302
79688
81049
82081
82121
83415
84016
84168
85963
86130
86762
86825
87112
87598
91766
92234
93308
93943
94600
96487
96538
96693
97580
99705
101139
101458
104009
104510
104805
107761
108086
108173
108451
108760
109501
111328
111903
112786
113215
115321
117109
117110
117796
118169
118681
119264
119279
120499
121662
122661
124490
124793
125634
127152
127272
127424
128533
128887
131723
132155
133117
133461
135332
136027
136130
136302
136487
136649
137742
138212
139919
140020
140352
141595
143331
143505
143775
144483
144872
145644
147080
147300
148097
148498
151408
151692
152535
152829
153451
156103
157177
157917
158806
159846
164604
165879
167842
168714
169006
170006
170213
170268
170325
171878
172838
173259
173643
175166
177210
177391
180198
183706
183879
184104
184497
185644
185838
186680
186891
189169
190312
190641
191667
192620
193000
193232
195338
195878
197469
197837
199369
199765
200021
202788
202937
203285
206143
209200
209771
212681
212879
213453
217175
217914
218120
221892
223282
223757
225638
225979
226085
227734
228465
228528
230143
231579
232621
233660
235721
236514
239132
240729
242652
242965
243512
243809
244130
245073
245251
246352
247196
247348
247620
249158
249571
249784
249996
250463
251003
252212
252384
252911
254272
255667
256507
256754
257315
257737
258035
258520
258714
259488
261629
263256
263544
265088
266414
267283
267656
267720
268852
269309
273099
273536
274814
277240
279362
280803
281811
283962
284381
284561
285432
285453
287068
288727
289279
289513
289582
289850
292006
294828
298698
298874
300479
302502
303188
303871
304553
304929
308542
308843
309657
310118
311528
311650
313039
313441
315575
315602
315782
315845
316632
317300
318102
319208
320166
320241
321387
323657
324017
325261
325717
325985
326026
326234
328207
332146
334056
335919
337487
337986
343749
343854
344936
345249
346329
346658
349385
349935
351449
351571
352052
352059
353943
354149
356540
358383
358527
362872
364394
366556
366683
366877
367691
367882
368432
368905
370470
372411
373030
373160
373724
373733
374138
374276
374508
375002
375123
375812
377537
377561
379053
379826
380478
380852
382688
382918
383568
384177
384226
385930
387598
388247
389013
389788
390334
390346
392116
393519
395094
395223
395338
395775
401114
402700
402739
404299
404390
408124
408505
409423
411394
412042
412277
414600
415901
416453
417584
417986
419211
421316
421741
421867
422164
423287
423369
424657
425154
427745
431339
432054
433701
433929
434036
435441
435823
436105
436975
437158
437763
439232
439975
440817
441341
442481
443804
444265
444881
445267
445332
445424
445828
445830
446247
446537
446743
448389
450164
450356
451377
452590
453009
455713
455818
455923
457508
458090
458436
461150
461773
463733
464994
465554
465830
466450
466907
467841
470573
470860
472145
473201
474904
475661
478558
479275
479393
480191
481594
481688
482707
482925
483031
484932
485078
486281
487891
491046
491241
491335
493518
495024
496285
496683
496727
498189
498302
500673
502601
503290
505551
506246
506475
507701
508801
510436
510584
510683
511330
511484
511570
512172
514461
514707
514737
514829
515465
516437
517550
517582
518302
518658
519140
519396
521673
523646
526745
526868
529559
532325
532409
532912
536197
537745
538163
538474
538603
538920
541418
542059
542677
543669
547107
548604
549942
550344
551744
552064
552423
556562
558056
558229
560878
561477
562377
563546
563813
569116
569842
570392
570398
570503
570961
571293
571428
571959
572047
573533
574242
575416
578085
579267
579673
579813
580221
582042
582272
583954
586158
587006
589785
590361
590510
590900
592180
593611
593662
594324
594923
596826
600383
600655
602657
604483
606811
606819
606981
607757
609715
610307
612633
614176
614670
616629
618920
620334
623112
623329
625379
625782
627343
627954
630254
631451
632978
633519
634046
634331
635176
636195
636796
637721
637908
638426
642322
643451
643501
643553
644251
644623
647027
647617
648588
649326
649906
652477
654410
654529
655495
656576
657015
657253
657873
658319
659749
660289
660762
665414
666411
669504
671606
671800
673063
673740
674215
674485
675997
678140
678537
679356
682954
683902
683955
683994
685880
689222
692261
692519
692620
693155
693979
695966
697700
697894
698194
701164
701331
701341
703155
704320
705376
705511
705598
705904
706513
707791
708676
709732
710342
711731
713910
714370
714524
714600
718091
722050
724154
724861
724989
725082
725818
725836
728775
729005
731801
732568
734024
734203
735384
735523
736371
736660
736672
737946
739005
739305
739842
740997
744913
745696
746168
746363
746647
747971
748788
748812
749073
752849
755939
757368
757421
758640
759181
760182
760601
760725
761064
762263
762691
765382
766214
766912
767069
768132
770110
770415
771945
772857
774887
775632
775983
778082
778088
779352
779701
779724
781335
783081
783207
783778
783993
784330
785369
786543
786972
787689
788510
788538
789172
790285
790421
792515
793313
794843
795129
796635
798736
799104
803381
803419
805292
805444
805873
805918
807143
807911
808963
810756
811088
811840
812271
812446
813348
813358
813395
813499
815481
815905
816555
816892
816919
817308
817321
817545
819193
820382
821398
823073
824108
824818
825492
826312
826577
827228
828866
831494
832037
832394
832905
833061
833714
834339
834696
835137
835288
837163
837198
838298
838332
838572
838823
839767
840189
840710
843157
846208
846493
846585
848056
851553
852117
853102
854378
857748
858172
861084
861606
864082
866085
871852
872750
873559
873587
874057
874516
874614
874629
876242
877225
879720
881340
883099
884089
885447
885557
887277
887999
888155
888849
889887
890208
890317
890548
891673
892078
892147
892514
892763
893114
893439
893993
894225
896567
896819
899306
900134
902534
905979
906712
906712
907020
908451
908623
908787
912394
912610
912722
914590
914985
917171
917711
918258
919720
919772
920304
920583
921006
921683
922207
922724
922736
923424
923449
923712
925457
925968
926689
926870
927121
927142
928589
928737
929060
929464
930242
931013
931019
932281
933800
934609
934818
936797
938424
939212
939510
939638
941218
942291
942643
942684
942763
943124
944356
944497
945015
947483
947723
947980
948465
949016
950811
950983
951142
952634
953489
953517
955568
957011
958592
959068
959103
960099
960518
962076
962589
963083
964200
964486
965869
966050
969257
971813
972615
973668
974902
975513
979881
979943
980481
981179
982022
983416
983680
984299
986352
988517
988983
989290
989910
990259
990434
992023
993144
993799
995854
996279
997074
997433
998235
999050
999223
999504
999538
