119279
366877
464994
807911
193000
68314
571293
444265
274814
108760
94600
872750
51209
634046
217175
930242
552423
582042
948465
358527
998235
729005
421316
963083
815481
966050
816892
249571
927142
834696
467841
463733
29355
574242
74586
303188
820382
345249
519396
185644
466907
586158
823073
401114
693979
734024
837163
247348
145644
923449
252212
505551
478558
458090
962589
526745
435823
826577
389013
746647
377537
788538
984299
107761
91766
974902
973668
258520
259488
424657
209771
718091
184104
190641
448389
227734
388247
752849
317300
319208
835288
958592
177391
117796
593662
465554
550344
101458
5818
225638
127152
48984
458436
637721
647027
368905
375123
838298
404390
373160
516437
417584
871852
981179
500673
939510
783081
15186
173259
982022
692519
652477
657253
980481
990259
678537
957011
749073
289513
590361
813395
390334
392116
33765
959068
772857
434036
445828
173643
79302
600655
113215
96487
192620
883099
765382
538474
151692
472145
604483
298698
969257
273536
358383
59842
834339
491335
570503
541418
739842
606981
905979
364394
881340
908623
835137
9604
920304
408124
170268
328207
560878
707791
466450
409423
511330
857748
747971
99705
177210
821398
778088
280803
228528
230143
927121
960518
323657
873559
218120
252911
158806
120499
195338
285453
725082
846208
117110
148498
655495
517582
441341
766214
86130
108086
692261
352059
11973
408505
921683
788510
263256
805873
387598
137742
395338
789172
239132
36585
683955
435441
96538
380852
309657
223282
281811
15677
34531
279362
767069
147080
824108
610307
877225
437763
34547
887999
74071
121662
570392
665414
56462
698194
256507
96693
385930
493518
153451
427745
890208
695966
343854
517550
578085
117109
235721
138212
470573
269309
852117
47206
303871
649326
627343
674485
439232
637908
512172
783993
267720
86825
612633
87598
771945
124490
787689
794843
343749
257737
254272
383568
705598
256754
542059
266414
320241
799104
231579
128887
300479
284381
826312
304553
949016
825492
195878
265088
892147
732568
171878
928737
660289
989910
143331
304929
805918
169006
170213
926870
656576
902534
267656
242965
226085
44270
503290
148097
858172
817545
532912
14227
474904
748812
793313
349385
73264
373733
481688
73531
475661
928589
221892
532325
979943
17674
337986
787
990434
373724
48713
451377
325985
569116
63090
437158
921006
775983
470860
124793
2844
725818
267283
889887
273099
569842
840189
191667
657873
827228
510436
47890
151408
580221
861606
736672
724861
758640
614670
81049
380478
244130
931019
728775
840710
885447
912394
873587
298874
790421
367691
372411
960099
833714
678140
526868
59533
183879
997433
964486
808963
514461
943124
55405
711731
518302
243809
832394
18312
623112
908787
450356
643451
824818
461773
143505
482925
593611
744913
362872
817321
888155
659749
415901
548604
642322
623329
432054
594923
614176
783207
302502
616629
997074
93943
289582
762263
318102
440817
592180
422164
892763
346329
445424
170006
632978
143775
896819
815905
643553
953517
436975
975513
638426
819193
798736
529559
918258
890317
122661
971813
423287
811840
247620
245251
389788
514737
891673
379053
831494
552064
375002
631451
197469
679356
223757
547107
287068
104805
914590
906712
538163
851553
217914
375812
249784
506246
947723
144872
412042
353943
395223
649906
803381
609715
816919
354149
558056
315845
144483
947980
92234
412277
446247
952634
32478
846493
922736
812271
93308
874614
941218
724989
431339
485078
922207
491241
444881
620334
484932
587006
245073
951142
654410
457508
962076
926689
289850
402739
487891
284561
15588
246352
439975
45949
97580
445332
199369
828866
654529
923424
515465
993144
243512
934609
571959
4778
255667
724154
247196
135332
186680
411394
511570
87112
705904
995854
104009
853102
993799
779701
919720
709732
249158
950983
760182
583954
390346
779724
838823
84168
446537
803419
618920
846585
109501
703155
795129
203285
635176
955568
864082
923712
892078
563546
445830
602657
537745
157177
136027
796635
879720
701341
136302
692620
999538
316632
157917
19635
133117
945015
748788
988983
453009
674215
366556
104510
108173
6390
320166
675997
929060
251003
596826
964200
805292
183706
543669
139919
572047
315575
770110
648588
308542
706513
625379
932281
705511
321387
193232
551744
404299
866085
942763
838572
101139
979881
725836
737946
185838
920583
127272
294
212879
660762
701331
84016
959103
498189
950811
209200
600383
832037
999504
519140
558229
73204
285432
502601
933800
128533
606811
159846
893993
268852
705376
561477
111903
919772
436105
433701
368432
421741
310118
213453
556562
807143
746168
225979
190312
757421
455713
708676
48997
874629
735384
54746
538603
510683
496683
324017
26815
131723
944356
140352
384226
734203
85963
152829
344936
481594
570398
349935
510584
356540
455818
989290
315782
186891
805444
283962
736660
147300
542677
10746
141595
252384
425154
917171
45318
912610
374138
414600
479393
843157
885557
421867
140020
579267
36047
861084
334056
900134
999050
925457
15155
168714
258714
757368
118169
11093
697700
240729
714524
934818
783778
644623
402700
13007
714600
986352
377561
939212
86762
992023
644251
817308
337487
643501
125634
682954
19082
258035
571428
627954
575416
942291
784330
739305
589785
647617
713910
669504
170325
152535
710342
983680
666411
473201
395094
212681
351571
257315
384177
366683
184497
506475
313039
606819
766912
374508
39447
657015
326026
496727
786543
775632
736371
111328
890548
942643
82081
433929
518658
838332
939638
683994
906712
325261
332146
936797
200021
232621
28196
671606
446743
625782
739005
925968
443804
912722
352052
263544
112786
313441
29675
630254
498302
570961
786972
532409
774887
261629
294828
496285
83415
119264
563813
536197
839767
761064
693155
813348
549942
759181
77888
914985
82121
832905
382688
917711
374276
2370
479275
289279
167842
658319
228465
180198
486281
277240
888849
755939
931013
67391
508801
892514
202937
983416
115321
69694
965869
393519
127424
416453
395775
189169
874516
335919
172838
14786
785369
590510
538920
514707
760725
373030
779352
634331
233660
944497
735523
813358
697894
43059
781335
346658
887277
165879
731801
292006
947483
370470
938424
482707
701164
6777
929464
461150
249996
175166
450164
896567
156103
671800
907020
760601
953489
833061
792515
442481
50079
988517
689222
351449
108451
419211
308843
740997
24748
854378
922724
118681
67783
573533
768132
722050
242652
590900
848056
514829
673740
810756
884089
636195
837198
714370
483031
893114
136649
315602
636796
704320
236514
893439
37604
480191
445267
521673
762691
579673
417986
465830
495024
996279
999223
136130
288727
23112
250463
876242
972615
326234
816555
523646
199765
874057
908451
683902
899306
813499
685880
73265
64337
136487
455923
311528
594324
770415
778082
79688
491046
423369
132155
812446
811088
579813
746363
311650
164604
379826
582272
790285
325717
206143
197837
27144
673063
745696
942684
607757
633519
367882
562377
202788
507701
894225
511484
133461
452590
382918
