158
265
405
412
569
617
753
922
1043
1143
1155
1165
1216
1365
1404
1485
1488
1544
1637
1855
1898
1980
2085
2120
2139
2163
2251
2552
2784
2864
2961
2964
2968
3021
3034
3104
3137
3288
3298
3336
3459
3499
3511
3513
3562
3671
3773
3875
3918
3978
3986
4120
4284
4289
4374
4459
4507
4567
4682
4980
5001
5181
5411
5843
5900
5987
6029
6084
6211
6364
6391
6583
6783
6865
6921
7366
7509
7548
7600
7608
7842
7896
8040
8363
8389
8536
8629
8731
8764
8766
8872
8974
9111
9166
9284
9389
9432
9522
9561
9656
9904
10116
10182
10213
10391
10522
10723
10745
10782
10964
11091
11091
11216
11301
11340
11533
11583
11586
11849
11887
11983
12001
12028
12158
12220
12387
12439
12600
12885
13140
13141
13395
13437
13530
13767
13846
14110
14214
14225
14272
14395
14502
14750
14784
14885
14904
14937
14985
14992
15188
15287
15524
15526
15610
15775
15800
15803
15858
15882
16222
16266
16268
16513
16535
16705
16715
16856
16860
16990
17093
17192
17217
17345
17392
17524
17598
17611
17616
17724
17974
18055
18105
18471
18581
18585
18737
18935
19029
19078
19207
19280
19406
19413
19468
19574
19671
19684
19773
19783
19923
19958
19975
20051
20065
20109
20144
20193
20252
20287
20362
20595
20686
20829
20921
20970
21212
21524
21588
21622
21691
21760
21902
22149
22170
22247
22321
22377
22411
22452
22684
22748
22791
23318
23344
23405
23484
23575
23576
23687
23798
23805
23841
23846
24043
24047
24377
24460
24481
24481
24516
24546
24594
24600
24636
24643
24676
24678
24734
24833
24930
25013
25132
25167
25192
25629
25698
25726
25829
26061
26083
26116
26301
26330
26631
26766
26960
26989
26999
27055
27122
27222
27250
27279
27584
27716
27857
28219
28233
28280
28389
28439
28473
28724
28735
28790
28881
28926
28934
29003
29427
29495
29731
29868
29871
29992
30089
30263
30312
30386
30472
30491
30546
30828
30865
31129
31233
31379
31887
32030
32113
32124
32164
32500
32560
32649
32655
32837
33007
33188
33834
33937
34030
34055
34143
34220
34247
34386
34444
34511
34574
34581
34642
34903
34926
35055
35087
35101
35141
35223
35373
35534
35659
35699
35963
35972
36584
36667
36763
36766
36879
36933
37005
37010
37088
37149
37155
37179
37309
37347
37501
37642
37650
37691
37730
37816
38018
38020
38069
38075
38183
38293
38399
38470
38527
38672
38732
38795
38823
38861
38989
39011
39042
39184
39194
39269
39272
39398
39585
39631
39715
39723
39752
39790
39852
39868
40067
40133
40298
40306
40352
40374
40415
40495
40523
40602
40655
40685
40706
40816
41143
41148
41318
41334
41392
41416
41887
41898
41965
42031
42076
42263
42264
42432
42501
42591
42900
42941
43047
43147
43599
43614
43681
43837
43852
43954
44070
44252
44262
44514
44565
44822
44917
44972
45099
45133
45227
45272
45280
45574
45632
45632
45678
45715
45728
45871
45917
45928
45932
45971
46173
46223
46327
46382
46434
46490
46546
46588
46626
46675
46829
46985
47056
47058
47088
47245
47256
47467
47488
47531
47741
47798
47838
47950
48034
48128
48130
48182
48375
48455
48471
48587
48593
48632
48805
48988
49003
49448
49529
49579
49630
49741
49813
50029
50174
50357
50557
50637
50865
50913
50930
51012
51476
51516
51595
51966
52354
52376
52385
52478
52711
53062
53364
53371
53390
53510
53651
53803
53943
54159
54165
54512
54551
54560
54580
54587
54591
54594
54736
55063
55218
55239
55358
55554
55606
55653
55658
55781
55838
55938
56039
56160
56186
56193
56387
56439
56611
56732
56877
56901
56909
56981
57210
57227
57281
57434
57454
57540
57583
57694
57705
57707
57867
57970
58035
58176
58342
58455
58662
58663
58747
58814
58907
59090
59376
59471
59516
59594
59785
59803
59823
59855
59981
60202
60368
60390
60429
60478
60500
60529
60529
60594
60601
60685
60746
60859
61002
61076
61090
61121
61389
61418
61445
61525
61626
61665
61666
61698
61742
61811
61841
61850
61888
61891
61979
62017
62329
62467
62583
62626
62844
62902
62919
63191
63261
63264
63373
63391
63416
63420
63449
63592
63649
63741
63742
64048
64070
64352
64423
64451
64509
64547
64694
64750
64802
64832
65003
65066
65221
65298
65309
65313
65509
65557
65686
66159
66177
66260
66303
66325
66460
66460
66527
66620
66659
66725
66821
67107
67132
67216
67226
67383
67396
67625
67657
67701
67779
67813
67850
67881
67881
67915
68015
68243
68503
68644
69282
69476
69482
69561
69630
69700
70031
70056
70209
70293
70314
70318
70503
70509
70694
71038
71046
71294
71602
71704
71708
71711
71901
72158
72443
72471
72526
72774
72816
72922
73188
73237
73269
73325
73332
73496
73528
73716
73791
73846
73858
73874
74003
74050
74296
74503
74532
74846
74847
74876
74901
74938
74945
74984
75091
75106
75136
75198
75207
75295
75346
75391
75600
75713
75819
75853
75876
75908
75985
75995
76172
76231
76304
76332
76337
76387
76539
76551
76670
76863
76868
76990
77052
77105
77169
77198
77221
77244
77260
77266
77299
77360
77421
77466
77468
77576
77885
77916
77994
78025
78132
78143
78147
78165
78273
78322
78605
78640
78824
78908
78939
79044
79314
79398
79650
79680
79790
79861
79944
80025
80117
80130
80250
80408
80668
80852
81259
81264
81459
81508
81585
81621
81622
81730
81965
82163
82270
82310
82333
82366
82725
82897
82909
82976
83042
83254
83485
83552
83745
83847
83905
83911
83926
84121
84303
84427
84697
84788
84834
84939
85169
85278
85318
85367
85472
85506
85603
85634
85703
85724
85816
85893
85915
85959
86060
86167
86180
86430
86516
86557
86979
86997
87044
87077
87251
87303
87362
87465
87481
87508
87621
87846
88086
88380
88418
88425
88452
88503
88555
88833
88872
88909
89043
89132
89208
89320
89329
89440
89457
89511
89554
89795
89799
90056
90160
90533
90553
90629
90633
90763
90837
90882
90996
91031
91036
91073
91083
91137
91434
91638
91645
91828
91880
91969
92162
92226
92267
92287
92396
92603
92780
92957
92990
93033
93043
93099
93119
93385
93421
93728
93788
94347
94431
94437
94616
94758
94854
94881
94894
94926
95299
95336
95350
95354
95477
95544
95621
96160
96241
96257
96372
96399
96402
96481
96631
96650
96672
96672
96700
96708
96870
97095
97180
97184
97185
97201
97309
97420
97433
97499
97538
97555
97645
97699
97730
97960
97967
97998
98144
98166
98179
98207
98320
98449
98498
98576
98647
98758
98766
98815
98861
98963
99113
99227
99461
99545
99827
99833
99842
99878
99984
100204
100311
100354
100448
100461
100466
100631
100750
100771
100918
100960
101028
101084
101332
101508
101510
101570
101631
101661
101704
101971
101998
102009
102122
102129
102154
102242
102505
102515
102559
102578
103190
103379
103741
103860
104281
104356
104441
104622
104673
104813
104925
105151
105295
105341
105364
105523
105554
105605
105758
105914
106356
106563
106648
106651
106744
106944
107218
107239
107283
107336
107468
107492
107652
107841
108013
108072
108185
108450
108541
108856
108894
108974
109049
109103
109312
109454
109564
109866
109889
110001
110014
110107
110267
110281
110332
110345
110373
110699
110778
110803
110821
111102
111322
111339
111429
111598
111617
111683
111717
111723
111749
111842
111904
112213
112354
112544
112563
112779
112959
113002
113224
113237
113239
113455
113637
113671
113684
113720
113878
113903
114080
114125
114649
114801
115175
115211
115878
116024
116048
116209
116553
116607
116633
116654
116660
116863
116951
117024
117066
117120
117190
117270
117310
117365
117426
117575
117621
117692
117709
117779
118155
118380
118425
118501
118622
118806
118917
119122
119253
119514
119705
119749
119833
119853
119854
119914
120191
120215
120281
120334
120437
120506
120524
120563
120579
120622
120652
120739
120882
120938
120970
121032
121085
121135
121224
121388
121403
121502
121664
121831
122026
122045
122073
122170
122292
122296
122412
122642
122658
122761
122774
122798
122999
123222
123242
123242
123252
123266
123273
123447
123524
123772
123798
123809
123927
123992
124047
124157
124191
124203
124359
124469
124486
124671
124681
124775
124789
124805
124866
124910
125093
125222
125240
125418
125440
125493
125592
125689
125791
125916
125942
126227
126244
126387
126397
127118
127146
127362
127580
127760
127821
127822
127836
127884
127901
128477
128490
128541
128547
128816
129015
129088
129114
129242
129283
129297
129313
129316
129554
129838
129994
130043
130136
130201
130255
130559
130850
130900
131016
131072
131114
131216
131236
131279
131401
131414
131435
131458
131497
131777
131881
131976
132229
132325
132346
132396
132475
132515
132619
132623
132764
132856
132920
132942
133167
133411
133626
133659
133676
133713
133752
134107
134110
134156
134214
134247
134419
134493
134552
134570
134614
134666
134730
134800
134815
134854
134857
134928
134970
135124
135306
135365
135370
135590
135697
135717
135814
136163
136278
136289
136457
136542
136701
137000
137060
137123
137144
137153
137178
137345
137510
137779
137812
138088
138255
138479
138514
138578
138580
138607
138610
138659
138775
138932
138998
139024
139061
139662
139821
140020
140024
140113
140206
140251
140321
140878
140892
141004
141023
141044
141178
141200
141334
141394
141488
141675
141684
141694
141741
141915
142018
142042
142293
142312
142527
142643
142691
142841
142868
143099
143131
143214
143293
143312
143566
143596
143756
143878
143907
144071
144072
144080
144222
144226
144326
144329
144390
144404
144535
144814
144928
145001
145027
145262
145295
145328
145446
145566
145595
145730
145936
145981
146060
146200
146298
146323
146533
146565
146759
146959
147188
147195
147427
147517
147624
147674
147721
147854
147886
147929
148084
148218
148416
148539
148552
148929
148990
149226
149249
149295
149319
149461
149600
149608
149677
149696
149983
150011
150033
150121
150157
150182
150195
150343
150521
150563
150733
150893
150976
151012
151108
151356
151525
151569
151627
151630
151842
151901
152079
152194
152300
152310
152536
152596
152644
152922
153142
153254
153348
153509
153519
153596
153824
153966
154156
154211
154382
154387
154487
154576
154655
154736
154755
154910
154933
155058
155069
155070
155203
155231
155255
155556
155574
155684
155689
155990
155997
156036
156066
156195
156204
156205
156254
156328
156409
156517
156539
156635
156721
156851
156911
157016
157042
157332
157432
157442
157617
157710
157742
157762
157838
157851
157888
157908
157941
158193
158323
158597
158742
158772
158965
159052
159064
159197
159233
159469
159526
159621
159663
159733
159748
159809
159908
159949
160017
160252
160287
160290
160676
160686
160703
160741
160768
160995
161157
161366
161461
161474
161880
161890
162025
162197
162247
162850
162853
163095
163230
163728
163818
163990
164091
164299
164320
164352
164452
164586
164654
164806
164969
165018
165129
165289
165293
165409
165498
165646
165837
165838
165867
165906
166031
166268
166289
166357
166400
166402
166427
166449
166502
166508
166731
166747
166797
166851
166994
167019
167273
167300
167315
167507
167733
167841
167891
167893
167939
167983
168094
168114
168166
168193
168207
168214
168214
168261
168354
168409
168489
168684
168712
168792
168813
169097
169198
169341
169376
169388
169467
169605
169653
169897
170086
170226
170295
170346
170392
170549
170562
170792
171087
171142
171278
171331
171351
171375
171410
171512
171534
171620
171764
171854
171924
172015
172023
172657
172677
172760
172858
172901
172947
172976
173034
173051
173052
173106
173298
173450
173462
173702
173841
173948
174233
174247
174337
174357
174481
174547
174710
174735
174766
174868
175076
175104
175117
175254
175348
175515
175651
175762
175967
176118
176267
176719
176820
176860
176875
176913
177075
177118
177131
177160
177225
177357
177487
177540
177581
177707
177736
177920
178043
178138
178261
178261
178316
178317
178343
178402
178731
179064
179117
179146
179148
179231
179298
179384
179481
179487
179497
179594
179609
179626
179643
179674
179964
180006
180052
180108
180188
180249
180270
180392
180394
180399
180416
180652
180839
180902
180923
181012
181080
181085
181151
181320
181396
182150
182419
182427
182470
182507
182518
182549
182640
182709
182728
182739
182751
182912
182921
183006
183016
183022
183113
183244
183372
183457
183523
183565
183586
183603
183698
183866
183986
184012
184158
184313
184349
184504
184547
184586
184605
184609
184644
184669
184687
184708
184827
184994
185059
185097
185140
185145
185219
185409
185789
185896
186028
186059
186066
186305
186549
186677
186706
186775
186812
186825
186837
186927
187016
187031
187071
187139
187160
187225
187230
187423
187440
187450
187564
187623
187829
187873
188019
188096
188203
188237
188329
188436
188526
188561
188765
188966
188978
189097
189126
189227
189230
189256
189285
189492
189492
189508
189525
189721
190062
190107
190133
190260
190387
190528
190717
191059
191077
191183
191187
191320
191358
191377
191412
191665
191688
191692
191748
191985
192021
192234
192524
192659
192798
192976
193100
193210
193283
193300
193349
193370
193438
193438
193469
193480
193498
193499
193953
194059
194493
194572
194581
194603
194638
194645
194684
194795
194816
194820
194898
194955
194958
194987
195202
195243
195258
195289
195662
195678
195863
195869
196075
196087
196243
196308
196312
196331
196384
196485
196702
196767
196878
196897
197062
197093
197135
197172
197209
197419
197488
197561
197628
197834
197857
197872
197924
198096
198132
198266
198287
198364
198373
198448
198468
198509
198523
198752
198911
198962
198979
198982
199183
199266
199454
199509
199573
199639
199897
199978
200085
200143
200293
200320
200650
200652
200735
200848
200881
200886
201067
201071
201199
201708
201771
201991
202045
202317
202371
202479
202517
202629
202770
202852
203015
203033
203076
203165
203173
203366
203586
203655
203663
203857
203950
203962
204092
204097
204098
204361
204410
204483
204679
204709
204744
205017
205199
205314
205327
205415
205437
205586
205589
205641
205688
205768
205784
205829
205917
206202
206595
206706
206719
206754
206772
206882
206954
206983
207041
207060
207071
207142
207164
207660
207738
208418
208456
208458
208609
208688
208705
208721
208827
208852
208869
209163
209245
209340
209435
209436
209573
209646
209686
209825
210167
210291
210447
210488
210551
210636
210674
210735
210821
210916
210939
211088
211115
211174
211350
211368
211434
211510
211523
211558
211718
211872
211888
211994
212012
212255
212309
212734
212749
212783
212890
212893
212897
212963
213227
213240
213259
213262
213307
213309
213362
213366
213461
213466
213525
213609
213610
213662
213708
213962
213993
214022
214136
214347
214433
214674
214680
214695
214714
214747
214899
214956
214977
215054
215136
215513
215572
215629
215879
215943
216109
216184
216194
216278
216369
216465
216514
216667
216680
216713
216766
217023
217118
217169
217258
217316
217348
217350
217565
217761
217827
217898
218074
218100
218447
218482
218601
218642
218694
218838
218846
219026
219192
219193
219478
219489
219743
219768
219795
219869
220304
220339
220351
220465
220468
220527
220539
220639
220715
220929
221155
221275
221459
221506
221575
221978
222099
222136
222167
222312
222345
222398
222460
222475
222526
222671
222681
222685
222836
222965
222977
223143
223265
223286
223312
223417
223503
223637
223871
223887
223988
224015
224035
224130
224196
224310
224446
224478
224542
224734
224802
224812
224957
225076
225133
225463
225549
225602
225796
225845
225892
225900
226066
226111
226140
226228
226242
226337
226391
226695
226708
226725
226788
226821
226878
227002
227209
227278
227290
227527
227562
227760
227790
227842
228151
228177
228211
228270
228302
228361
228495
228584
228606
228692
228722
228740
228751
228782
228917
229026
229229
229345
229433
229450
229661
229822
230200
230460
230635
230726
230735
230770
230795
230822
230910
231022
231189
231227
231250
231378
231460
231543
231653
231702
231728
231749
231801
231959
232219
232223
232224
232256
232446
232516
232543
232561
232649
232669
232715
232731
232911
232921
232978
233071
233177
233249
233254
233288
233468
233509
233619
233649
233787
233822
233833
233911
233933
233964
234105
234212
234432
234436
234635
234767
234813
234822
234829
234858
234867
234912
234915
234934
234988
234997
235011
235123
235242
235504
235599
235778
235818
235878
236025
236108
236429
236501
236501
236551
236556
236697
236874
236901
236927
236927
236934
237076
237192
237263
237319
237376
237435
237490
237573
237603
237844
238004
238013
238094
238151
238313
238604
238664
238702
238896
238931
238950
238986
239258
239261
239289
239459
239508
239705
239788
239863
239942
240031
240053
240184
240221
240453
240493
240591
240639
241141
241185
241316
241338
241538
241638
241770
241983
242014
242242
242364
242369
242671
242914
243005
243288
243614
243970
244187
244332
244386
244462
244478
244538
244861
244958
244965
245208
245262
245541
245602
245610
245776
246028
246053
246196
246250
246512
246547
246899
246941
247018
247085
247237
247344
247369
247373
247416
247451
247772
247777
247800
247825
247929
248032
248047
248050
248103
248129
248165
248184
248637
248737
248766
248960
248974
248994
249009
249089
249127
249172
249257
249366
249531
249578
249629
249752
249799
249876
249947
250124
250161
250304
250340
250408
250490
250504
250682
250784
250795
250800
250890
250965
250974
250974
250994
251262
251322
251388
251748
251768
251834
251890
251947
251963
252072
252146
252152
252353
252737
252944
253085
253179
253343
253369
253402
253431
253483
253544
253653
253708
253740
253899
253900
253982
254119
254293
254436
254461
254626
254643
254940
255002
255065
255511
255529
255630
255643
255802
255806
255838
255898
255905
256011
256166
256203
256266
256393
256497
256712
256958
257049
257057
257125
257154
257241
257276
257436
257548
257557
257590
257727
257752
257794
257816
258131
258154
258213
258223
258387
258416
258577
258599
258661
258674
258765
258772
258782
258870
259080
259151
259153
259596
259605
259682
259765
259779
259839
259917
259995
260223
260352
260390
260466
260557
260723
260730
260960
261055
261252
261392
261498
261620
261699
261808
261911
261916
261996
262043
262074
262113
262146
262158
262162
262273
262280
262585
262613
262629
262778
262854
262973
263180
263280
263288
263364
263374
263553
263810
263896
263907
263933
264072
264117
264220
264246
264266
264321
264647
264665
264733
264759
264966
264995
265106
265166
265359
265428
265462
265486
265521
265559
265608
265688
265743
265971
266057
266133
266142
266233
266402
266547
267008
267068
267069
267085
267131
267428
267472
267546
267723
267819
267819
267861
267998
268082
268105
268208
268607
268637
268639
268682
268695
268707
268749
268751
268888
268934
268983
269038
269044
269158
269240
269296
269516
269532
269648
269838
269857
269923
269967
269977
270041
270070
270072
270173
270274
270459
270543
270556
270559
270589
270750
270806
270853
270936
270946
271053
271055
271190
271287
271501
271647
272019
272021
272042
272181
272231
272273
272414
272567
272706
272851
272860
272909
272954
273046
273051
273155
273169
273221
273626
273736
274041
274159
274350
274427
274599
274620
274651
274754
274875
274926
274995
275201
275360
275453
275645
275945
276089
276130
276428
276479
276690
276728
276917
276966
277115
277200
277242
277305
277497
277735
277841
277862
277931
278005
278365
278407
278431
278447
278551
278639
278647
278691
278719
278749
278841
279060
279063
279105
279150
279154
279200
279260
279376
279496
279719
279749
279876
280061
280357
280392
280488
280513
280692
280702
280956
281034
281041
281042
281355
281542
281602
281895
282038
282156
282178
282212
282282
282381
282483
282535
282590
282712
282776
282777
282822
282870
282885
282958
283436
283460
283575
283685
283706
283743
283783
283788
283846
284005
284034
284052
284110
284219
284221
284241
284282
284436
284550
284629
284763
284829
285000
285026
285202
285300
285381
285470
285595
285628
285716
285768
285883
286206
286325
286359
286378
286403
286458
286494
286647
286667
286825
287190
287315
287370
287690
288003
288037
288180
288294
288296
288318
288372
288491
288493
288537
288588
288627
288682
288790
288878
288943
289095
289127
289399
289400
289474
289532
289535
289637
289749
289796
290150
290434
290745
290755
290763
290983
291018
291047
291446
291501
291516
291564
291694
291988
292012
292017
292035
292039
292040
292205
292322
292789
292858
292887
292889
292928
293018
293130
293193
293382
293414
293425
293490
293582
293676
293803
293972
294013
294173
294180
294255
294574
294594
294669
294916
295000
295002
295035
295050
295170
295198
295366
295423
295610
295747
295761
295782
295856
296132
296267
296431
296494
296834
296875
296966
297051
297070
297386
297463
297519
297561
297640
297820
297845
297930
297980
298046
298204
298232
298440
298656
298727
299078
299226
299227
299266
299343
299355
299693
299833
299997
299998
300035
300045
300200
300290
300399
300458
300572
300701
300723
300727
300863
300867
300888
300943
300978
301369
301386
301391
301497
301726
301775
302214
302349
302353
302367
302390
302406
302422
302444
302483
302566
302659
302797
302814
302873
303023
303095
303108
303378
303467
303499
303639
303640
303652
303660
303765
303909
304033
304222
304254
304407
304447
304494
304853
304855
304878
304918
305057
305095
305148
305296
305296
305410
305434
305482
305493
305657
305811
305835
306146
306192
306211
306260
306261
306342
306436
306470
306507
306547
306866
306940
306985
307255
307361
307379
307615
307746
307831
307842
308045
308063
308154
308624
308637
308737
308753
308943
308960
308972
309439
309526
309641
309684
309734
309754
309798
309816
309821
309928
309962
310291
310373
310470
310542
310603
310622
310844
310850
310858
310898
310940
311172
311231
311249
311399
311505
311824
311858
311887
312080
312222
312249
312277
312349
312702
312992
313011
313397
313481
313741
313775
313847
313952
314017
314038
314069
314122
314165
314165
314366
314654
314723
314831
314959
315057
315276
315311
315444
315487
315767
315925
316068
316072
316092
316098
316167
316348
316430
316623
316804
316813
316983
317029
317088
317104
317196
317273
317568
317764
317766
317820
317845
317850
317972
318128
318310
318389
318394
318399
318448
318470
318483
318554
318620
318802
318817
318831
318943
319013
319210
319255
319302
319392
319398
319545
319554
319686
320186
320444
320552
320607
320705
320796
320953
320961
321079
321158
321164
321227
321330
321370
321498
321526
321610
321666
321819
321877
321931
321966
321999
322019
322051
322126
322133
322258
322702
322714
322746
322747
322923
322945
322993
323114
323122
323139
323234
323286
323302
323388
323472
323481
323483
323599
323640
323670
323671
323748
323770
323823
323911
323973
323984
324001
324089
324245
324325
324332
324380
324400
324422
324448
324515
324684
324806
325063
325277
325426
325438
325445
325584
325786
325810
325834
325969
325969
325975
326014
326140
326142
326828
326851
326971
327052
327245
327304
327388
327593
327606
327671
327710
327729
327770
328003
328033
328143
328161
328321
328416
328486
328734
328738
328773
328926
328973
329122
329328
329334
329414
329613
329632
329662
329806
329885
329894
329971
330209
330233
330957
331826
331987
332067
332068
332109
332127
332195
332353
332526
332555
332689
332868
333043
333105
333256
333367
333550
333579
333621
333640
333662
333677
333833
333908
333924
334055
334120
334269
334638
334787
334833
334977
335161
335257
335275
335367
335371
335376
335389
335651
335817
335857
335950
336007
336065
336128
336366
336520
336587
336619
336983
337034
337354
337394
337536
337545
337576
337605
337815
337823
338048
338128
338169
338190
338303
338472
338495
338500
338654
338741
338848
338849
339018
339173
339354
339659
339746
339900
340029
340174
340379
340492
340539
340912
340996
341032
341211
341237
341452
341558
341593
341871
341917
342110
342230
342405
342410
342571
342764
342821
342829
342833
342873
343329
343394
343479
343562
343703
343740
343893
344198
344344
344352
344355
344376
344530
344642
344964
345048
345257
345427
345462
345947
345968
345998
346374
346506
346575
346764
347169
347261
347284
347301
347463
347464
347502
347575
347598
347682
347708
347711
347896
348011
348130
348155
348621
348684
348704
348744
348796
348828
348899
348949
349003
349055
349067
349107
349168
349196
349217
349223
349372
349378
349482
349568
349630
349778
349964
350001
350022
350103
350153
350341
350403
350420
350604
350644
350762
350883
350990
351038
351314
351348
351432
351721
351734
351798
351897
351971
351983
352010
352710
352757
352775
353148
353325
353332
353368
353391
353499
353910
354054
354077
354093
354299
354300
354405
354479
354520
354625
354637
354684
354771
354791
355310
355321
355474
355570
355781
355828
355954
356161
356304
356312
356555
356589
356623
356624
356769
356777
356788
356947
356963
357240
357392
357534
357557
357597
357631
357747
357764
357791
357798
357802
357808
357919
358111
358114
358244
358320
358329
358335
358773
358807
358958
359319
359343
359468
359472
359493
359578
359655
359777
360016
360168
360317
360584
360625
360644
360652
360693
360864
360975
361003
361013
361036
361261
361290
361335
361424
361685
361827
361887
362164
362196
362212
362308
362368
362637
363067
363286
363305
363316
363338
363864
363919
363926
363968
364018
364054
364101
364141
364228
364588
364811
364919
364951
364954
365015
365020
365100
365159
365184
365235
365401
365431
365560
365569
365585
365752
365960
366124
366162
366258
366333
366522
366524
366642
366832
366977
367020
367136
367196
367211
367215
367263
367265
367292
367400
367407
367454
367607
367671
367859
367885
367962
368073
368117
368246
368622
368746
368837
368911
368922
368988
369133
369153
369167
369443
369611
369660
369857
369869
369869
370238
370264
370265
370351
370382
370528
370747
370830
370957
370982
371133
371239
371289
371360
371364
371537
371795
371878
372079
372176
372355
372460
372470
372612
372883
372887
372920
372921
373030
373124
373212
373313
373357
373551
373799
373808
373968
374000
374230
374293
374361
374387
374429
374658
374661
374724
374894
375075
375161
375288
375379
375551
375599
375841
376014
376104
376114
376330
376524
376571
376787
376882
377136
377221
377236
377308
377351
377369
377376
377419
377455
377502
377733
377847
377858
377864
378106
378231
378349
378373
378476
378566
378666
378838
378872
379017
379029
379031
379183
379435
379486
379586
379700
379741
379751
380212
380237
380513
380600
380681
380792
380891
380955
381052
381169
381174
381264
381322
381646
381808
381917
382088
382275
382292
382406
382431
382489
382685
382783
382802
382828
382878
382903
382951
382958
383030
383141
383189
383303
383571
383600
383878
383923
383946
384000
384116
384209
384241
384547
384671
384719
384761
384923
385170
385264
385292
385509
385742
385978
386001
386017
386048
386150
386234
386707
386716
386918
387027
387109
387117
387201
387205
387493
387540
387579
387644
387652
387689
387756
387912
387962
388025
388117
388132
388144
388156
388241
388370
388476
388583
388715
388810
388860
388992
389017
389185
389289
389342
389466
389651
389772
389811
389833
389893
389897
389898
390022
390045
390572
390949
391683
391751
391831
391838
391842
391909
392186
392199
392205
392217
392225
392234
392319
392330
392361
392367
392384
392435
392473
392547
392707
392810
392890
392892
392921
393088
393094
393097
393142
393177
393178
393309
393401
393414
393629
393661
393727
393791
393920
393927
394000
394036
394437
394592
394713
394720
394984
395007
395030
395103
395158
395350
395449
395451
395575
395675
395693
395802
395895
395986
396020
396204
396221
396308
396354
396394
396457
396492
396553
396562
396564
396728
396922
397005
397111
397149
397211
397257
397261
397291
397320
397325
397347
397391
397396
397772
397801
397812
398153
398275
398341
398417
398594
398663
398911
399009
399334
399484
399656
399674
399702
399706
399904
399919
399972
400006
400033
400233
400463
400624
400685
400727
400904
400913
400962
400968
401195
401338
401370
401380
401546
401585
401668
401904
402065
402085
402141
402160
402322
402376
402528
402564
402707
402814
402891
402919
402926
402967
403369
403419
403586
403677
404076
404198
404304
404387
404413
404453
404600
404645
404725
405045
405176
405255
405284
405572
405665
405788
405844
405864
406453
406667
406692
406693
406703
406901
407282
407538
407590
407669
407692
407765
407771
407878
407889
407891
408035
408172
408233
408244
408437
408492
408607
408807
408899
408950
408990
409076
409195
409282
409424
409526
409569
409837
410030
410232
410236
410364
410419
410453
410617
411062
411151
411442
411526
411814
411911
411914
412004
412040
412080
412125
412293
412316
412354
412371
412374
412402
412499
412547
412716
412820
412835
412870
412899
413640
413711
413863
414074
414074
414120
414124
414125
414162
414401
414485
414671
414710
414767
414868
414913
414943
415197
415399
415510
415682
416043
416155
416184
416212
416266
416279
416556
416612
416719
416756
416820
416838
416922
417033
417106
417166
417203
417666
417724
417910
417992
418281
418518
418664
418685
419264
419472
419578
419677
419948
419973
420104
420141
420403
420686
420727
420869
420871
420935
421028
421147
421276
421404
421450
421469
421556
421898
422038
422391
422403
422466
422503
422769
422848
422880
422891
423026
423097
423158
423200
423254
423286
423593
423681
423697
423741
423784
424006
424131
424177
424326
424427
424440
424517
424526
424527
424600
424736
424851
425058
425150
425195
425329
425434
425475
425569
425740
425766
425906
426047
426384
426457
426470
426554
426625
426682
426723
426769
426791
426846
426882
427006
427200
427621
427648
427703
427828
427897
427999
428074
428321
428450
428548
428603
428801
428912
429016
429203
429487
429656
429666
429716
429840
429881
429884
429991
429994
430032
430162
430190
430306
430389
430411
430480
430724
430763
430788
430861
430884
431153
431263
431501
431515
431531
431585
431690
431997
432022
432328
432328
432345
432920
433055
433162
433236
433301
433315
433330
433396
433532
433618
433713
433731
433870
434517
434544
434583
434641
434647
434718
435314
435340
435629
435820
435869
435969
435974
435977
436068
436096
436114
436137
436191
436439
436484
436548
436551
436699
436807
437012
437056
437154
437304
437478
437501
437774
437955
438315
438510
438581
438711
438724
438946
439268
439460
439678
439816
439823
439835
439851
439880
439952
440042
440062
440097
440108
440135
440180
440412
440610
440754
440839
440869
440978
440997
440998
441042
441061
441406
441534
441545
441636
441669
441697
441817
441865
441936
441955
442045
442087
442146
442161
442173
442617
442728
442851
442872
442975
443022
443101
443249
443309
443345
443536
443925
443943
444175
444228
444291
444336
444425
444432
444477
444624
444708
444856
444915
445030
445088
445208
445453
445462
445559
445580
445633
445773
445833
445970
445994
446026
446115
446328
446473
446624
446686
446809
446955
447151
447183
447249
447337
447398
447741
447772
447820
448066
448096
448289
448383
448447
448694
448717
448869
448920
449026
449145
449167
449175
449183
449258
449453
449511
449518
449773
449779
449806
449826
449858
450025
450103
450116
450169
450284
450318
450420
450452
450614
450657
450819
450883
450910
451256
451602
451654
451657
451736
451769
451886
451933
452055
452122
452334
452341
452350
452389
452455
452546
452552
452558
452592
452684
452964
453105
453222
453273
453627
453634
453641
453889
453955
454191
454245
454268
454314
454931
454979
454981
455104
455221
455409
455418
455460
455501
455580
455625
455681
455685
455720
455747
455804
455923
456063
456070
456288
456428
456499
456601
457025
457138
457244
457289
457297
457401
457454
457586
457614
457627
457886
457892
457988
458221
458311
458413
458466
458721
458827
458835
458875
458887
458892
458956
459195
459216
459333
459353
459385
459397
459516
459713
459723
459812
459852
459961
460007
460088
460136
460212
460328
460348
460376
460461
460565
460623
460632
460672
460690
460694
460868
460922
461009
461180
461298
461405
461684
461760
461815
461992
462057
462083
462308
462329
462408
462483
462507
462544
462646
462732
462827
462978
463184
463202
463299
463303
463604
463835
463940
464237
464302
464330
464339
464408
464551
464585
464682
464684
464701
464793
464943
465055
465352
465501
465530
465663
465797
465819
465855
465915
465927
466175
466449
466570
466803
467207
467249
467266
467365
467620
467685
467767
467923
467928
468001
468125
468134
468184
468341
468352
468365
468461
468624
468659
468702
468771
468858
468947
469025
469062
469072
469083
469225
469388
469520
469549
469853
469942
469978
470183
470480
470567
470696
470762
470858
470887
471000
471054
471071
471498
471514
471542
471653
471663
471723
471770
471801
471815
471864
471869
471880
471972
472082
472114
472150
472163
472529
472714
472831
472906
472979
473159
473369
473426
473494
473494
473533
473748
473850
473961
473966
474073
474221
474248
474269
474302
474881
474943
475232
475266
475496
475548
475648
475702
475773
475814
475873
475919
475959
476144
476429
476434
476927
476983
476996
477240
477311
477335
477505
477549
477609
477658
477670
477797
477803
477961
477965
477973
478000
478072
478352
478466
478505
478582
478765
479043
479057
479141
479672
479675
479827
479862
479957
480289
480423
480443
480446
480529
480529
480839
480961
481028
481120
481147
481183
481297
481304
481346
481440
481454
481593
481698
481764
482062
482102
482113
482444
482587
482644
482809
482885
482897
482997
483118
483219
483285
483411
483412
483488
483608
483636
483745
483815
483817
483929
483998
484036
484277
484283
484668
485003
485182
485208
485487
485511
485547
485593
485639
485784
485819
486181
486376
486395
486446
486535
486614
486669
486681
486733
486837
486980
487009
487054
487112
487200
487309
487325
487483
487581
487671
487881
488047
488173
488196
488350
488564
488647
488727
488793
488999
489174
489286
489328
489339
489375
489383
489436
489461
489879
489919
490103
490399
490566
490585
490678
490720
490997
491104
491106
491233
491251
491269
491689
492207
492488
492512
492564
492630
492742
492900
492974
493077
493193
493294
493298
493889
494018
494113
494142
494175
494247
494532
494734
494829
494986
495411
495492
495523
495668
495725
495743
495805
495913
496072
496089
496146
496180
496207
496248
496318
496326
496418
496558
496587
496808
496938
497084
497720
497878
497898
497989
498019
498158
498161
498276
498374
498812
498837
498952
499056
499081
499105
499176
499288
499392
499942
500263
500269
500315
500413
500455
500563
500804
500933
501032
501189
501252
501409
501720
501739
501742
501864
502067
502068
502082
502167
502249
502287
502321
502396
502474
502488
502678
502710
502765
502765
502955
502981
503000
503012
503163
503247
503621
503896
504009
504108
504123
504159
504215
504449
504475
504511
504565
504902
505273
505510
505549
505895
505911
506436
506482
506672
506692
506739
506747
506900
506943
506953
506960
507008
507135
507178
507301
507317
507352
507645
507646
507731
507787
507903
508090
508123
508264
508456
508597
508730
508761
508782
508794
508892
509098
509136
509408
509446
509460
509586
509728
510080
510116
510154
510174
510244
510248
510429
510472
510550
510580
510704
510724
510763
510889
510894
511054
511180
511207
511219
511219
511255
511429
511555
511636
511692
511722
511826
511895
511920
512234
512628
512629
512683
512983
513066
513109
513460
513521
513615
513618
513659
514029
514315
514483
514686
514838
514955
514972
515139
515182
515194
515259
515302
515324
515350
515410
515486
515921
516077
516107
516169
516174
516187
516292
516404
516422
516427
516631
516712
516815
517002
517011
517023
517287
517355
517499
517544
517581
517684
517811
518016
518079
518087
518105
518156
518315
518341
518409
518590
518797
518977
519060
519125
519208
519351
519361
519445
519450
519459
519509
520126
520180
520246
520280
520347
520410
520438
520519
520591
520665
520905
520967
520982
520992
521260
521330
521560
521569
521689
521732
521769
521820
521850
521851
521924
521973
522040
522094
522196
522308
522427
522503
522552
522627
522658
522669
522777
523001
523018
523222
523303
523330
523405
523582
523622
523687
523855
523861
524027
524071
524129
524353
524394
524434
524537
524577
524608
524683
524687
524779
524845
525007
525120
525157
525222
525377
525412
525495
525503
525551
525564
525570
525582
525602
525753
525795
525841
525846
525858
525859
526269
526310
526359
526491
526529
526784
527019
527036
527108
527115
527136
527184
527188
527328
527388
527484
527556
527705
527715
527734
527779
527844
527904
527962
528060
528220
528368
528376
528467
528656
528812
528855
529158
529194
529401
529421
529441
529556
529744
529770
529810
529816
530035
530159
530648
530772
530818
530832
530932
530951
530959
531290
531300
531335
531362
531749
531761
531834
531864
532002
532096
532178
532185
532435
532482
532830
532894
533017
533093
533135
533164
533228
533289
533302
533316
533496
533512
533549
533599
533708
533812
533917
533935
534103
534125
534167
534196
534465
534493
534517
534552
534757
534818
534925
534932
535313
535341
535687
535770
535783
536100
536137
536482
536588
536653
537060
537132
537192
537380
537398
537604
537698
537859
538009
538082
538096
538132
538168
538249
538385
538398
538443
538508
538568
538841
538970
539065
539194
539367
539409
539500
539673
539691
539715
539726
539736
539755
539766
539813
539852
539976
540055
540067
540161
540194
540266
540389
540789
540792
541308
541403
541404
541426
541444
541495
541531
541553
541726
541771
541798
541815
541860
541866
541893
541952
542208
542310
542519
542713
542751
542829
542843
542989
543025
543145
543202
543441
543540
543588
543765
543832
543861
543888
543901
544034
544076
544200
544343
544523
544545
544621
544690
544869
544928
545101
545124
545173
545266
545354
545506
545518
545596
545621
545625
545874
546417
546423
546441
546488
546571
546771
546907
546966
547014
547070
547078
547177
547195
547246
547339
547674
547690
547730
547776
547834
548107
548344
548348
548407
548420
548567
548726
548782
548845
549054
549078
549146
549165
549280
549608
549630
549691
549715
549748
549752
549900
549958
550027
550080
550128
550230
550349
550675
550920
550968
551002
551039
551054
551228
551332
551345
551407
551416
551508
551537
551786
551879
551992
552008
552036
552095
552126
552206
552394
552447
552565
552576
552751
552884
552886
553067
553206
553413
553529
553603
553778
553979
554142
554196
554243
554247
554295
554593
554667
554679
554992
555093
555152
555245
555391
555626
555634
555647
555749
555845
555867
556121
556275
556325
556449
556991
557110
557130
557214
557289
557460
557500
557526
557705
557765
557816
557904
558011
558026
558404
558461
558467
558486
558495
558536
558567
558621
558632
558674
558836
558840
558843
558927
558992
559361
559531
559572
559605
559665
559709
559891
559984
560014
560078
560240
560284
560297
560298
560547
560573
560622
560647
560768
560795
560868
560894
561203
561265
561301
561433
561504
561677
561977
562011
562059
562070
562159
562219
562296
562336
562416
562428
562528
562683
563153
563166
563286
563363
563456
563536
563875
563878
564194
564595
564769
564866
565140
565195
565469
565571
565607
565639
565705
565866
566419
566421
566449
566458
566517
566687
566801
566829
566960
566972
567230
567338
567346
567438
567476
567533
567565
567626
567816
567832
567862
567865
568035
568181
568271
568447
568622
568770
568810
568812
568816
568823
568982
569039
569073
569188
569274
569428
569506
569699
569707
569723
569780
569896
570007
570194
570316
570471
570477
570578
570727
570929
570929
570964
570965
571150
571232
571343
571425
571508
571585
571609
571685
571776
571923
571977
572014
572186
572323
572378
572473
572541
572635
572797
572842
572893
572983
572997
573005
573110
573247
573280
573456
573484
573775
573779
574089
574170
574357
574412
574475
574526
574527
574560
574606
574635
574883
574901
574918
574931
575152
575212
575288
575308
575400
575455
575513
575694
575930
576038
576104
576122
576200
576232
576238
576322
576714
576797
576831
576873
576938
577102
577150
577175
577212
577543
577552
577623
577738
577831
577880
578202
578236
578311
578416
578425
578434
578470
578963
579051
579211
579488
579571
579576
579594
579711
579819
579952
579991
580012
580051
580279
580365
580496
580580
580647
580835
580889
580891
580920
580996
581013
581219
581262
581307
581320
581385
581409
581495
581584
581693
581826
581837
581934
581955
582034
582062
582155
582292
582354
582364
582667
582780
582809
582831
582850
582899
582919
583050
583466
583543
583563
583852
584047
584123
584236
584327
584338
584400
584721
584733
584811
584814
584899
585159
585300
585327
585365
585589
585595
585597
585866
586126
586319
586323
586339
586417
586433
586453
586474
586512
586954
586997
587084
587172
587202
587520
587523
587699
587730
587763
587872
588057
588214
588234
588395
588449
588461
588601
588613
588711
588735
589270
589295
589388
589621
589668
589754
589914
589983
590065
590223
590231
590262
590322
590394
590419
590509
590535
590615
590849
590868
591015
591194
591402
591551
591676
591683
591716
591983
592123
592203
592356
592457
592476
592505
592520
592604
592884
592987
593027
593081
593114
593125
593217
593485
593564
593577
593690
593707
593724
593742
593801
593997
594057
594115
594328
594407
594665
594838
594857
594908
594969
595043
595089
595193
595231
595241
595467
595862
595893
595935
596031
596177
596271
596511
596699
596749
596753
596822
596899
597041
597271
597335
597421
597581
597914
598089
598197
598272
598283
598433
598644
598828
598855
598856
599001
599111
599128
599220
599339
599461
599699
599780
600088
600200
600377
600441
600810
600847
600850
600858
600881
600958
600998
601167
601171
601224
601231
601277
601303
601312
601327
601579
601599
601633
601881
601921
602023
602080
602116
602182
602316
602505
602832
602939
602960
603319
603394
603456
603670
603718
603824
603844
603929
603962
603994
604116
604184
604291
604588
604834
604921
604970
604982
605054
605056
605112
605194
605386
605403
605540
605627
605657
605728
605829
605951
606575
606578
606647
606809
606813
606848
606909
606911
606993
607084
607085
607101
607205
607271
607327
607397
607634
607658
607690
607805
607812
608164
608195
608306
608332
608452
608458
608670
608766
608846
608909
608927
609062
609707
609966
609982
610020
610089
610120
610129
610150
610179
610188
610356
610392
610444
610614
610660
610686
610871
611037
611071
611162
611466
611608
611650
611708
611866
611872
611917
611947
612069
612106
612280
612385
612547
612789
612850
612899
613141
613323
613364
613413
613621
613643
613699
613731
613764
613908
613939
614039
614042
614149
614242
614586
614611
614660
614771
614980
615082
615136
615157
615168
615327
615488
615530
615549
615766
615809
615930
615977
615979
616355
616431
616503
616520
616538
616652
616696
616949
616953
617050
617148
617207
617307
617468
617527
617532
617533
617728
617772
617966
618039
618369
618576
618869
619217
619323
619453
619591
619769
619781
619908
619909
620070
620099
620433
620436
620617
620721
620783
620791
621044
621127
621309
621359
621652
621685
621744
621833
621841
621866
621900
622002
622073
622236
622754
622765
622857
623282
623348
623457
623474
623514
623613
623767
623783
623867
623876
623897
623914
623954
623966
624239
624290
624386
624777
624790
624878
625006
625038
625063
625136
625147
625253
625257
625314
625357
625381
625846
626027
626179
626200
626261
626288
626378
626396
626486
626538
626552
626792
626840
626871
626889
627009
627118
627169
627440
627561
627579
627652
627733
627742
627920
628052
628083
628292
628422
628691
628964
629108
629267
629366
629393
629407
629479
629514
629557
629721
629886
629908
629973
630017
630187
630204
630364
630476
630779
630796
631054
631105
631204
631271
631433
631663
631702
631753
631783
631811
631916
632077
632115
632232
632295
632460
632650
632694
632716
632730
633388
633443
633532
633648
633777
633786
633836
633873
633940
634006
634075
634185
634193
634274
634509
634899
635291
635295
635339
635507
635702
635760
635801
635982
636108
636231
636253
636301
636443
636470
636586
636595
636599
636975
636995
637127
637237
637375
637541
637566
637575
637678
637825
637932
638028
638112
638157
638244
638276
638304
638312
638478
638616
639007
639108
639154
639197
639312
639468
639574
639580
639757
639875
639950
639996
640035
640078
640178
640345
640415
640462
640470
640513
640519
640531
640533
640764
640810
640991
641036
641245
641263
641282
641290
641549
641624
641800
641804
641843
641918
642053
642144
642296
642302
642335
642470
642510
642593
642662
642755
642792
642853
642883
642886
643046
643087
643275
643363
643520
643631
643659
643756
643762
644076
644328
644436
644455
644463
644534
644544
644612
644644
644666
644673
644789
644943
645209
645215
645226
645292
645375
645387
645402
645431
645542
645585
645651
645669
645715
645737
645761
645876
645933
646069
646137
646606
646658
646676
646768
646802
646950
646965
647050
647097
647114
647171
647179
647216
647538
647750
647868
647892
648017
648149
648158
648236
648435
648502
648528
648560
648613
648669
648781
648865
649082
649192
649295
649453
649554
649587
649663
649766
649819
650068
650110
650277
650391
650445
650460
650659
650780
650831
650876
650926
650940
651064
651115
651205
651345
651368
651491
651561
651565
651593
651634
651679
651686
651695
651791
651823
651859
651876
651887
652022
652138
652221
652297
652337
652531
652570
652716
652726
652727
652879
652891
652907
653005
653060
653112
653174
653192
653234
653247
653283
653331
653343
653347
653353
653404
653447
653551
653623
653657
653928
654105
654121
654205
654354
654401
654744
654757
654770
654787
654879
654913
654985
655153
655311
655375
655616
655735
655756
655845
656050
656151
656251
656307
656528
656732
656874
656961
656980
657022
657102
657111
657473
657531
657810
657846
657880
657893
657982
658225
658286
658466
658538
658577
658647
658781
658785
658962
659019
659086
659107
659168
659268
659294
659577
660007
660166
660198
660198
660239
660326
660389
660818
660919
660942
661032
661039
661157
661167
661222
661300
661384
661415
661594
661602
661642
661717
661722
661726
661762
661783
661932
662358
662503
662531
662549
662715
662741
662754
662821
662866
662889
662895
662995
663000
663214
663470
663691
663777
663831
663903
663988
664163
664178
664243
664347
664361
664366
664427
664599
664621
664771
664773
664774
664922
664931
664984
665289
665293
665448
665548
665621
665697
665705
665816
665865
666042
666080
666084
666085
666153
666239
666306
666496
666534
666551
666577
666614
666617
666762
666828
666830
666875
666981
666989
667025
667124
667239
667336
667367
667380
667415
667685
667699
667759
667777
668001
668067
668203
668278
668411
668483
668563
668833
668846
668964
668968
668970
669073
669170
669201
669225
669255
669295
669329
669370
669408
669454
669522
669554
669578
669705
669780
669804
669937
670070
670133
670221
670242
670537
670616
670655
670769
670855
670907
670909
671124
671376
671514
671644
671762
671895
671921
672210
672286
672296
672357
672488
672561
672905
672957
672972
673183
673206
673346
673397
673411
673501
673515
673520
673661
673725
673731
673997
674043
674086
674195
674200
674203
674204
674367
674384
674393
674723
675050
675088
675122
675131
675133
675295
675377
675439
675577
675587
675723
675737
675827
675872
676064
676080
676130
676173
676343
676411
676474
676483
676814
676896
676939
676978
677026
677484
677564
677599
677607
677763
677807
678433
678465
678512
678544
678592
678731
678773
678921
678955
678955
679464
679561
679569
679600
679660
679916
679939
679982
680011
680014
680047
680144
680204
680262
680361
680383
680529
680630
680638
680697
680858
681027
681454
681483
681842
682150
682153
682444
682476
682666
682753
682783
682813
682899
682932
682955
683128
683189
683302
683400
683487
683595
683653
683773
683841
684013
684195
684435
684582
684698
684711
684917
684945
685035
685190
685395
685430
685552
685708
685837
686282
686336
686411
686501
686620
686837
687081
687229
687311
687532
687667
687693
687765
687799
687865
687867
688174
688206
688293
688322
688363
688384
688604
688775
689031
689079
689183
689355
689598
689603
689640
689796
689817
689917
689939
690161
690459
690616
690660
690662
690754
690812
690854
690954
691125
691148
691175
691481
691503
691574
691724
691726
691726
691798
691872
692021
692045
692075
692357
692539
692606
692776
692883
692941
693185
693342
693369
693374
693412
693545
693546
693653
693764
693806
693921
694285
694352
694516
694567
694650
694652
694734
694778
695127
695146
695196
695430
695513
695516
695533
695576
695629
695648
695668
695830
695833
695881
696215
696232
696260
696301
696341
696445
696543
696665
696801
697105
697414
697953
698047
698053
698228
698270
698321
698796
698915
698917
699116
699156
699208
699222
699338
699348
699409
699577
699636
699646
699681
699702
699714
699898
699921
700027
700115
700159
700467
700562
700796
700884
701164
701188
701281
701370
701584
701587
701651
701744
701769
701779
701926
702019
702025
702206
702241
702280
702304
702377
702896
702906
703176
703393
703439
703469
703645
703786
703916
703965
704033
704176
704188
704268
704422
704536
704566
704641
704671
704802
704944
705056
705209
705230
705304
705470
705573
705764
705832
705945
706034
706085
706096
706135
706277
706577
706620
706803
706997
707003
707023
707097
707177
707196
707219
707223
707381
707393
707434
707470
707890
707934
708011
708023
708043
708182
708303
708338
708448
708470
708499
708606
708991
709083
709451
709525
709590
709640
709818
709964
710008
710350
710452
710819
710997
711099
711151
711449
711609
711641
711773
711784
711865
711953
712030
712060
712117
712258
712265
712325
712485
712546
712569
712580
712608
712837
712912
713126
713223
713273
713416
713418
713430
713439
713481
713509
713710
713714
713837
713877
714244
714342
714363
714387
714490
714859
714956
715005
715207
715345
715360
715368
715440
715646
715744
716121
716123
716314
716441
716566
716603
716635
716823
716846
716925
716959
717064
717117
717160
717171
717172
717305
717349
717442
717538
717539
717550
717581
717661
717814
717829
717842
718021
718132
718206
718330
718947
718951
718984
718997
719203
719414
719493
719662
719691
719772
719800
719822
719959
720039
720132
720239
720345
720414
720549
720618
720643
720686
720727
720863
721213
721486
722146
722149
722168
722380
722616
722708
722719
722848
722875
722924
722944
722999
723050
723056
723265
723327
723353
723525
723539
723557
723701
723712
723899
724124
724127
724299
724349
724349
724414
724436
724485
724538
724556
724650
724683
724988
725001
725095
725109
725150
725235
725308
725337
725587
725647
725649
725721
725747
725822
725878
725971
725983
726018
726071
726164
726234
726342
726510
726700
726751
727102
727141
727169
727301
727367
727408
727419
727566
727811
727940
728038
728065
728265
728277
728302
728322
728326
728366
728440
728537
728607
728866
728899
728939
729000
729057
729062
729079
729092
729210
729313
729520
729580
729634
729780
729815
729830
729844
729910
730060
730082
730113
730135
730213
730385
730475
730517
730534
730621
730650
730720
730903
730933
731017
731201
731335
731541
731552
731566
731575
731597
731598
731606
731695
731796
731904
732010
732017
732026
732550
732714
732832
732861
732868
733373
733432
733460
733464
733662
733676
733813
734022
734112
734484
734596
734623
734651
734694
734829
734836
734870
734940
734978
735046
735059
735103
735170
735340
735440
735754
735821
735883
736239
736342
736461
736535
736773
736918
737042
737101
737159
737456
737505
737543
737690
737807
738125
738225
738278
738631
738740
738822
738977
738992
739094
739280
739283
739293
739364
739606
739633
739737
739887
739980
740014
740091
740098
740410
740539
740941
740983
741075
741229
741458
741545
741547
741654
741693
741711
741781
742270
742405
742417
742569
742594
742613
742795
742832
743040
743112
743210
743403
743463
743504
743724
743846
743923
743952
743966
743974
744051
744062
744576
744603
744728
744742
744784
744831
744836
744893
744931
744972
744973
745071
745120
745223
745224
745294
745448
745452
745813
745814
745869
745903
745967
745975
746121
746470
746495
746509
746640
746689
746712
746975
746984
747263
747288
747343
747438
747647
747747
747772
747836
747947
747965
748071
748258
748261
748370
748468
748591
748647
748716
748869
748902
749175
749299
749311
749505
749523
749677
749821
749964
750055
750124
750341
750379
750430
750478
750621
750800
751004
751094
751197
751275
751281
751415
751521
751632
751702
751725
751825
751944
751950
751989
752060
752093
752110
752183
752430
752656
752724
752908
752934
753054
753084
753213
753280
753421
753499
753773
753887
754004
754021
754051
754211
754232
754406
754678
754714
754748
754943
755019
755163
755195
755206
755291
755374
755428
755627
755790
755862
755886
755925
755929
756074
756084
756097
756109
756203
756299
756716
756792
756926
757011
757156
757162
757352
757394
757471
757519
757656
757804
757824
757831
757846
757920
758007
758076
758205
758219
758340
758366
758453
758555
758624
758708
758721
758845
759666
759734
760114
760114
760162
760185
760196
760293
760854
760893
761080
761143
761150
761163
761334
761347
761366
761487
761617
761619
761709
762041
762107
762209
762222
762244
762489
762512
762703
762708
762851
762931
762952
763233
763236
763310
763810
763982
763987
764110
764145
764409
764472
764556
764650
765108
765119
765393
765571
765940
766134
766222
766325
766356
766391
766667
766795
767008
767188
767276
767423
767500
767553
767571
767588
767699
768001
768035
768187
768202
768212
768215
768601
768722
768749
768764
768837
768890
768952
769030
769060
769280
769341
769545
769928
770214
770217
770227
770284
770477
770565
770682
770815
770887
770964
771003
771279
771288
771308
771511
771962
771995
772024
772051
772097
772100
772332
772472
772540
772629
772872
772886
772971
773214
773399
773540
773712
773794
773902
773963
773968
774000
774009
774154
774252
774287
774599
774801
775066
775089
775231
775465
775474
775605
775908
776121
776148
776187
776314
776526
776660
776684
776925
776986
777069
777129
777240
777296
777371
777591
777635
777721
777781
777789
777831
777859
777878
778128
778278
778355
778370
778544
778771
778868
778894
778902
779034
779155
779156
779189
779211
779228
779245
779265
779449
779512
779563
779999
780027
780146
780159
780292
780504
780529
780642
780673
780890
781026
781155
781169
781261
781287
781294
781458
781488
781503
781513
781949
782120
782157
782219
782256
782502
782796
782995
783091
783152
783271
783314
783359
783367
783390
783409
783414
783483
783531
783545
783586
783624
783644
783769
783899
784041
784154
784276
784287
784307
784438
784473
784495
784563
784570
784585
784703
785091
785098
785307
785514
785526
785741
785753
785775
785879
785977
786097
786441
786703
786930
786968
786980
787226
787250
787292
787363
787398
787521
787956
788014
788110
788244
788286
788286
788363
788462
788515
788535
788738
788747
788833
788967
788989
789006
789010
789149
789196
789200
789236
789265
789387
789598
789734
789811
789835
790004
790030
790183
790205
790206
790325
790363
790388
790429
790491
790529
790531
790569
790720
790754
790785
791058
791160
791165
791426
791616
791649
791653
791956
791998
792133
792259
792321
792445
792620
792732
792845
792914
792918
793017
793125
793161
793252
793319
793323
793418
793440
793448
793533
793644
793680
793882
793933
793973
794020
794125
794184
794294
794319
794377
794401
794405
794411
794443
794490
794682
794797
794802
794815
794879
794881
794890
795116
795128
795212
795326
795517
795668
795914
795925
795968
796053
796101
796274
796296
796301
796321
796328
796458
796616
796729
796731
796884
797203
797570
797652
798171
798204
798213
798270
798330
798331
798462
798711
798722
798820
798834
798886
799120
799157
799285
799335
799359
799379
799471
799547
799582
799595
799727
799813
799829
800014
800016
800137
800141
800222
800270
800332
800334
800486
800553
800765
801007
801010
801055
801089
801114
801307
801466
801620
801637
801804
801970
802203
802240
802242
802324
802333
802421
802489
802685
802692
803431
803466
803470
803478
803599
803654
803768
803923
804113
804118
804158
804173
804231
804248
804649
805031
805118
805181
805352
805508
805657
805675
805759
805796
805980
806050
806059
806060
806065
806111
806258
806281
806360
806552
806574
806626
806669
806676
806997
807140
807219
807399
807571
807614
807740
807772
807832
807901
808019
808169
808173
808272
808302
808310
808492
808641
808656
808705
808786
808834
808842
808844
809058
809323
809442
809452
809491
809611
809843
809851
809872
809958
810009
810042
810050
810177
810259
810317
810509
810523
810546
810638
810670
810755
811191
811493
811507
811616
812099
812110
812215
812301
812316
812389
812595
812641
812694
812787
812813
812813
812820
813077
813088
813101
813145
813182
813491
813514
813520
813527
813646
813728
813751
813779
813799
814070
814101
814144
814153
814215
814258
814484
814549
814571
814641
814689
814737
814889
814945
815019
815098
815163
815171
815199
815256
815331
815508
815510
815579
815683
816611
816647
816660
816675
816813
816835
817000
817320
817331
817513
817536
817613
817737
817750
817885
817912
817933
817949
818057
818799
818927
819270
819324
819502
819529
819737
819756
819796
819940
820021
820033
820252
820380
820511
820541
820631
820855
821133
821141
821321
821798
821968
821973
822048
822572
822684
822731
822757
822776
822803
822813
822946
823296
823487
823504
823568
823592
823774
823947
824021
824152
824275
824301
824328
824348
824361
824379
824412
824463
824529
824554
824633
824783
824995
825017
825061
825175
825191
825441
825486
825511
825572
825734
825761
825804
825853
826134
826141
826343
826392
826817
826951
827098
827248
827389
827493
827553
827567
827668
827855
827868
827966
828007
828071
828403
828479
828592
828610
828961
829044
829045
829062
829227
829279
829388
829480
829494
829496
829694
829799
829828
829894
829955
830075
830388
830578
830759
830789
830794
830834
830895
830950
830989
830999
831027
831119
831164
831212
831246
831340
831375
831391
831438
831509
831558
831578
831633
831758
832003
832080
832186
832210
832335
832601
832697
832783
832945
832958
832989
833001
833083
833435
833678
833697
833759
833858
833875
833890
834055
834092
834506
834600
834625
834734
834761
835050
835064
835346
835393
835528
835615
835788
835839
836030
836172
836324
836345
836640
836645
836662
836730
837021
837102
837358
837505
837571
837660
837684
837685
837779
837952
838021
838051
838132
838353
838427
838512
838586
838635
838811
838885
839061
839110
839255
839265
839591
839642
839709
839726
840025
840043
840215
840288
840444
840570
840686
840711
840746
840818
841152
841159
841496
841516
841633
841637
841751
841783
841844
841892
842056
842264
842364
842520
842660
842745
842787
843154
843165
843196
843234
843259
843365
843579
843610
843713
843887
844137
844238
844259
844378
844430
844768
844805
844820
845027
845052
845239
845262
845332
845455
845469
845741
846012
846037
846188
846210
846222
846437
846475
846597
846645
846680
846778
846833
847021
847085
847303
847536
847729
847766
847834
848001
848042
848048
848074
848354
848452
848618
848772
849272
849312
849332
849354
849808
849925
850103
850207
850259
850271
850328
850341
850364
850413
850514
850621
850739
850833
850893
850947
850973
851353
851448
851630
851754
851776
851862
852012
852032
852224
852246
852366
852443
852579
852674
852946
853226
853339
853368
853503
853585
853612
854202
854323
854610
854779
854783
854939
855395
855425
855538
855590
855674
855711
855785
855903
856685
856726
856803
856811
856911
857492
857493
857594
857598
857914
857976
858080
858123
858147
858327
858505
858662
858675
858680
858707
859018
859120
859232
859390
859647
859707
859875
859927
860035
860138
860250
860457
860509
860573
860747
860815
860838
860920
860971
860987
861028
861145
861164
861173
861265
861424
861439
861592
861659
861803
861834
862128
862272
862305
862345
862384
862520
862523
862579
862601
862632
862896
862950
862968
863000
863185
863239
863307
863525
863619
864003
864090
864242
864277
864285
864288
864317
864543
864573
864579
864779
864807
864979
865277
865368
865427
865486
865645
865646
865697
866043
866233
866252
866366
866483
866764
866771
866890
866914
866945
867097
867102
867289
867328
867411
867737
867911
867945
868022
868078
868484
868622
868724
868733
868755
868806
868819
868840
868931
868960
869043
869069
869315
869355
869489
869694
869866
869956
869970
870060
870184
870259
870327
870362
870975
871043
871056
871265
871306
871478
871523
871530
871775
871826
872058
872134
872176
872499
872649
872859
872972
873436
873678
873872
873966
873981
874165
874209
874267
874315
874537
874563
874580
874807
874846
874847
875169
875250
875417
875432
875484
875559
875568
875592
875687
875753
875780
875792
875878
875960
875989
876175
876474
876516
876572
876592
876665
876710
876761
876767
876878
877016
877107
877109
877338
877443
877667
877681
877717
877954
877963
878030
878166
878175
878216
878218
878219
878404
878418
878430
878563
878928
879398
879463
879536
879678
879681
879923
880291
880346
880352
880388
880565
880606
880653
880905
880944
881012
881062
881244
881617
882043
882105
882303
882366
882470
882491
882698
882742
882782
882892
882903
882998
883038
883074
883225
883277
883278
883511
883548
883646
883681
883738
883846
883852
884063
884117
884129
884225
884402
884527
884736
884815
884823
884844
884925
884938
885025
885088
885102
885156
885172
885216
885261
885699
885764
886034
886059
886059
886323
886340
886359
886372
886416
886441
886648
886693
886808
886890
887023
887067
887125
887128
887153
887318
887501
887668
887713
887954
887995
888167
888177
888219
888325
888330
888336
888376
888410
889090
889095
889108
889231
889349
889535
889667
889680
889756
889835
889864
889935
889965
890051
890114
890192
890325
890377
890518
890692
890729
891094
891190
891210
891232
891293
891310
891409
891488
891582
891894
891922
891967
892023
892200
892264
892339
892406
892432
892435
892687
892781
892833
892836
892860
893147
893204
893230
893387
893417
893484
893499
893505
893699
893841
893851
893896
893906
894034
894118
894137
894303
894384
894543
894574
894760
894834
895211
895223
895353
895385
895391
895596
895645
895649
895763
895781
895893
895917
895999
896092
896098
896099
896172
896182
896381
896507
896521
896542
896546
896553
896864
897169
897237
897266
897290
897315
897340
897373
897573
897601
897612
897614
897817
897918
897938
897995
898095
898193
898223
898341
898413
898426
898427
898431
898458
898504
898505
898516
898542
898614
898695
898726
898732
898809
899004
899107
899245
899281
899372
899533
899740
899833
899922
900047
900150
900172
900253
900387
900397
900548
900551
900714
900740
900829
900838
900855
900927
901049
901090
901161
901217
901224
901303
901414
901415
901596
901678
901688
901879
902057
902162
902166
902364
902752
902765
902800
902825
903100
903195
903291
903292
903316
903378
903408
903436
903453
903627
903694
903733
903787
903913
903988
904022
904034
904069
904075
904256
904257
904284
904376
904483
904571
904911
905043
905070
905099
905145
905161
905378
905409
905503
905601
905676
905836
905861
906029
906042
906074
906222
906486
906532
906583
906602
906620
906812
906982
906999
907117
907278
907506
907535
907657
907670
907701
907907
908000
908187
908208
908216
908267
908331
908393
908411
908422
908479
908521
908544
908585
908854
909050
909114
909561
909704
910054
910098
910126
910187
910204
910355
910541
910572
910664
910782
911025
911197
911239
911357
911481
911487
911739
911775
911783
912071
912159
912653
912799
912891
913045
913396
913440
913640
913706
913713
913780
913973
913996
914218
914251
914284
914427
914667
914696
915116
915185
915347
915463
915586
915594
915782
916112
916123
916221
916246
916379
916390
916528
916679
916702
916899
916945
917007
917014
917026
917123
917151
917231
917560
917653
917777
917882
918065
918118
918193
918258
918326
918373
918496
918588
918606
918669
918685
918759
918881
918938
918942
918947
919195
919475
919780
919829
920021
920115
920161
920282
920471
920534
920584
920593
920720
920749
920828
920852
920912
920933
921450
921464
921724
921752
921908
921951
922153
922171
922188
922190
922277
922501
922551
922558
922616
922713
922753
922876
922943
923274
923308
923448
923673
923802
923953
923968
924118
924151
924278
924373
924422
924722
924852
924870
924906
924971
924974
925234
925310
925366
925441
925577
925629
925962
925973
926072
926074
926173
926290
926320
926420
926484
926561
926572
926776
926779
926904
926972
927009
927095
927123
927420
927523
927544
927568
927575
927612
927706
927808
927823
927905
927926
927985
927991
928128
928193
928295
928492
928550
928874
928927
929029
929366
929404
929412
929540
929544
929662
929953
929963
930321
930480
930523
930528
930563
930574
930597
930618
930675
930854
930872
930997
931004
931050
931076
931526
931552
931565
931592
931597
931638
931810
931817
931822
932093
932175
932244
932325
932350
932406
932435
932485
932486
932567
932663
932702
932734
932811
932818
932906
932913
933214
933438
933791
933916
933977
933999
933999
934103
934209
934346
934398
934455
934493
934497
934498
934656
934873
934913
935050
935382
935388
935412
935437
935545
935556
935742
935758
935905
935971
936163
936167
936263
936290
936427
936593
936624
936704
936759
936770
936792
936873
936943
936959
936994
937129
937140
937247
937343
937508
937662
937901
937912
937916
938038
938050
938248
938359
938390
938486
938489
938571
938595
938687
938698
938907
938957
939000
939042
939047
939050
939286
939428
939545
939690
940143
940283
940320
940327
940358
940362
940363
940676
940862
940864
940922
940970
940990
941219
941227
941418
941442
941621
941684
941745
941747
941850
942029
942093
942276
942369
942440
942478
942492
942552
942714
942735
942804
942824
943189
943260
943391
943577
943789
943961
944033
944089
944095
944230
944294
944363
944587
944652
944680
944683
944840
945246
945288
945707
945707
945814
945952
946004
946022
946048
946111
946408
946459
946491
946557
946574
946669
946785
946906
947019
947233
947446
947462
947552
947573
947589
947653
947672
947728
948013
948093
948112
948397
948483
948514
948566
948629
949434
949545
949553
949665
949858
949870
949964
950242
950332
950451
950498
950740
950815
951015
951029
951052
951128
951157
951387
951455
951611
951618
951710
951757
951787
951947
951959
951965
952252
952370
952553
952740
952759
952771
952778
952948
952967
953148
953354
953479
953659
953730
953844
953901
954185
954311
954424
954453
954462
954549
954632
954829
954854
954930
954949
955099
955132
955227
955460
955618
955644
955954
956039
956110
956434
956615
956797
956828
956923
956954
957053
957110
957320
957347
957371
957465
957520
957760
958038
958340
958854
958942
958973
958992
959162
959177
959309
959416
959418
959450
959650
959931
959931
960119
960137
960177
960444
960449
960463
960504
960576
960641
960813
960951
960993
961224
961270
961306
961353
961371
961547
961558
961572
961678
961717
961894
961910
961939
961988
962072
962254
962292
962714
962808
962942
962960
963002
963110
963234
963270
963329
963849
964354
964525
964551
964706
964941
965001
965062
965066
965161
965188
965246
965572
965589
965682
965708
965943
966019
966048
966179
966273
966369
966517
966532
966555
966826
966945
967032
967050
967235
967257
967331
967408
967612
967719
967825
967947
968004
968033
968046
968053
968066
968338
968434
968524
968606
968787
968804
968997
969170
969173
969227
969323
969344
969479
969493
969502
969737
969934
969941
970004
970158
970171
970259
970269
970281
970370
970399
970707
970814
970842
971106
971357
971368
971556
971607
971717
971952
972026
972029
972082
972103
972134
972274
972315
972375
972851
972865
972946
972968
973025
973218
973231
973254
973316
973322
973323
973469
973638
973694
973697
973722
973803
973891
973908
974049
974096
974192
974363
974405
974443
974503
974825
975081
975084
975143
975188
975194
975241
975256
975478
975899
976101
976195
976308
976515
976610
976713
976816
976827
977032
977080
977081
977152
977238
977339
977400
977470
977500
977629
977681
977750
977785
977839
977859
977978
978150
978290
978420
978605
978614
978836
978846
978987
979050
979067
979076
979143
979163
979232
979409
979675
979678
979684
979720
980544
980562
980714
980727
980732
980750
980798
980805
980815
980843
980918
981017
981024
981086
981467
981660
981747
981896
981904
982062
982207
982284
982510
982566
982657
982666
982677
982680
982877
982895
983093
983318
983340
983450
983453
983485
983731
983823
983943
983970
984083
984209
984232
984325
984580
984587
984731
984733
984766
984957
985213
985468
985502
985542
985660
985837
985965
986029
986142
986300
986339
986467
986536
986648
986685
986691
986711
986782
986994
987105
987269
987364
987502
987518
987518
987595
987739
987928
988011
988540
988550
988786
988829
988838
988933
988947
989034
989170
989174
989182
989354
989485
989555
989564
989586
989710
989716
989928
989930
990106
990112
990178
990246
990287
990296
990363
990505
990818
990971
990998
991012
991159
991273
991352
991523
991600
991802
991850
991862
991899
991929
991997
992012
992065
992430
992438
992451
992551
992732
992738
992821
993110
993400
993539
993540
993601
993691
993743
993777
993853
993891
994097
994136
994149
994347
994378
994387
994415
994628
994659
994710
994774
995021
995037
995052
995370
995376
995451
995474
995761
995854
995973
995992
996082
996300
996424
996454
996504
996548
996593
996634
997180
997296
997348
997354
997370
997414
997462
997543
997577
997711
997744
997807
997873
997935
997939
998169
998195
998248
998594
998705
998755
999097
999127
999357
999386
