920749
653447
370382
455104
606993
781026
611866
690754
738125
35534
205017
950740
197172
117426
533289
22321
812641
661384
460136
653283
817737
440998
425434
182921
481120
260557
402528
529810
70314
713481
211718
465819
98449
50913
338190
89799
819737
629479
95299
91638
916899
758007
140892
908216
674086
596031
388117
36766
22791
666989
502067
767008
743724
293972
145936
598855
361290
345048
837952
367211
952967
132623
632694
119853
315444
332526
571685
829828
160768
38399
875568
196702
536482
42076
106563
716823
108856
44972
269158
979050
75985
387027
60368
720039
351038
219768
237603
41887
624386
458721
349217
303095
187423
642883
938595
485182
586997
600200
165293
802685
440839
416212
14225
875989
89795
18935
272021
433396
348796
878418
15526
63449
323748
812301
494247
790785
281041
305148
253179
967032
967825
648158
600441
156409
382685
815508
865646
3288
167891
122999
191692
623767
796458
571508
573779
117024
129114
377308
236501
245208
72443
480529
472114
238004
24833
308960
923968
875432
141741
320186
300399
54165
920115
842364
627009
433236
486733
816813
189256
934493
92396
533017
712546
57583
961353
868022
193438
81621
948013
898695
625381
688206
401380
138578
91083
178316
244478
471770
44252
650277
680011
548726
175117
187031
899372
224196
813779
32030
63416
393142
541404
481028
833001
914696
771995
124805
673397
647750
835346
399702
475702
216680
610392
872972
127118
860815
281602
35963
878928
437774
40523
182507
328926
22170
386707
48587
232223
234858
186059
881617
804158
637825
107652
547014
35055
518315
936792
746470
344344
52711
121032
275645
196243
90056
725971
847303
268105
699338
784570
932485
402967
979678
464793
495668
159469
297640
892432
610020
773794
227842
407692
740014
63191
137779
639197
373313
477803
37088
367196
261055
771003
76670
942369
392473
491106
390022
241316
645215
109866
520180
15775
513521
549752
639574
323302
456499
647050
303640
805759
835788
270806
649587
167939
125916
486669
98963
152300
543861
903733
495743
483488
6865
947446
248974
970399
867289
50357
603456
792732
238931
788110
262280
137178
512983
828479
978605
757804
265608
628964
212890
303909
599111
766222
788738
551407
91880
458221
70293
253982
965188
444915
442851
648781
282212
304222
757831
769280
209340
723265
372079
483608
92780
60746
799595
233249
308737
342571
933214
301391
516292
669454
373030
393401
405176
340029
720132
395675
820631
464551
300045
568622
478582
368246
877681
288318
811507
336128
155997
990998
121403
326140
148552
929662
227002
516174
471071
319686
93788
158193
779449
143214
98576
14502
722149
731566
632730
909561
288372
951947
552576
925577
154736
512628
902057
8536
357240
528855
395350
167507
672296
258765
370238
214680
653247
271055
177160
560284
808705
839591
985542
675439
324001
146565
959177
636586
670221
191183
316348
594908
45227
957760
589668
506739
444432
530951
520665
160676
367215
118622
69561
897237
393088
255898
148416
821133
501720
302873
259779
741547
824361
529556
546571
510894
271053
213708
62902
587730
94347
886340
673515
154933
397320
571343
387117
200293
880565
744893
737456
820252
931004
531290
621652
24734
828610
743040
688604
671644
546441
719662
780146
193283
140251
13140
884402
487054
272851
974049
908267
458835
983970
55938
18585
490399
662549
123798
523018
525495
728537
353332
67132
495492
778771
312222
592987
592356
205586
187450
328003
507645
426047
522777
323139
494018
752656
219795
939428
972968
920584
382802
48034
651565
173034
52385
28881
27716
560768
753
312249
154382
322746
347598
562159
449858
236108
783409
460623
817000
584899
39042
699577
922188
976816
267068
752093
732550
648502
81585
112354
991997
451657
599128
258870
487881
377136
413863
400904
729910
882782
623914
410453
310844
841152
222671
171924
367962
74938
77916
379017
65686
342110
272567
694285
275360
318831
317766
426682
979076
967050
96708
947653
67850
37005
602182
884938
66620
439460
13395
222685
19671
135590
70509
981086
644789
462483
203366
43852
686620
477335
584721
982062
990246
117270
200085
897169
824152
847536
840746
320552
940320
832783
37347
716121
550675
68243
789598
439816
48988
733432
776925
950451
329632
898732
527036
212893
400962
389833
341452
232649
510248
506960
158742
570007
326014
222345
922876
656050
92287
861803
831212
667239
322258
651887
106356
305811
549146
970707
863619
240184
511207
83905
774599
816660
515486
215513
705832
49813
548344
824995
539766
233822
560647
654744
578202
487671
898504
488564
481297
947233
88425
676814
251388
131114
696215
93385
247416
440108
167019
829045
911783
132325
486181
868806
532178
357534
261996
578416
621900
464682
834625
881062
399484
162850
861834
834600
510429
409195
723701
43837
171375
984587
97433
73846
739980
705230
292889
868755
137060
997939
761487
794881
523582
850973
672561
295747
950242
412371
552126
877338
540067
593742
601921
870259
339173
755929
223887
205314
449175
65509
717117
480961
303023
624790
555634
511054
667336
748591
30089
261911
472163
477961
265486
145328
568181
153824
412499
188203
817885
995854
485547
644076
751275
157442
661594
487581
494175
123252
333621
663691
16860
12001
356777
940922
922
798722
324332
316430
85367
96402
431515
661642
179148
34055
377351
993691
579211
846778
25013
268637
262043
359655
30546
233509
796884
318620
829955
904571
445208
667415
295198
838885
916123
499176
468341
45099
899245
388132
837021
915594
642470
613764
214022
17974
703645
173052
166508
658538
783899
497084
956434
184012
647171
287315
604588
556325
996548
289749
904483
768890
517544
78143
938486
788244
218838
103379
973638
926484
789835
490103
336619
887125
87846
859647
172976
740098
269648
318943
617207
471972
122292
862896
953730
331826
359777
342230
813101
977785
525570
442975
136701
809442
491251
724650
407771
544928
692357
573110
993777
959931
284550
289535
96160
869355
341237
270173
644644
822731
540266
862345
389898
652891
947589
557904
698915
640764
968033
450169
63264
236025
217565
350883
129838
168792
838427
558011
625038
306211
673346
143907
39011
372612
220715
822684
210551
265521
789010
398341
98766
879923
8389
440097
949870
707097
554679
170226
550968
160741
157617
918496
859707
47838
301369
612106
191377
141004
590849
681483
653234
652570
516404
717829
132920
945707
522040
20921
74532
177487
71711
143293
923673
256393
530832
446624
175348
162247
13437
51966
82333
678773
75713
232256
989354
867737
789200
524537
14750
522308
457892
200320
159809
793644
46626
394713
608670
931638
467928
397149
150121
929029
729844
317845
689031
693185
694734
761143
566829
562683
249629
437056
597421
8974
110001
920534
270750
34386
356769
182728
757011
533302
446026
903408
66159
333105
480289
319013
378666
728366
431153
36933
886034
718997
621744
533935
813799
91828
54551
846437
577212
975241
59594
521851
516422
560795
684582
26301
402376
314654
634274
786968
995037
729634
45632
10116
680262
40298
239459
396204
275201
100631
780529
754232
640810
657111
235599
402141
445994
636470
740539
777859
297070
129088
339659
936263
539673
952553
348704
883846
250784
666496
592604
584236
404076
98758
385742
678955
307615
767699
73858
228917
684435
334833
314723
774009
395802
459723
981747
469025
125493
559984
438946
671921
126227
665293
746975
558467
401338
944363
623783
729780
812813
798171
990178
808173
489328
225133
720686
404304
376114
84788
910187
113637
685552
905099
436548
730213
993539
317104
639468
323481
675827
808641
49579
694650
482113
796053
870327
201708
251834
383946
295366
381052
845332
58907
79650
397772
3459
396308
644612
542989
262162
87621
69700
706620
927123
369153
997296
515410
713126
139024
622073
4289
155255
381646
182751
944652
814549
557500
80668
850833
245262
456063
983823
43147
528656
650445
610660
576200
956828
736918
232731
922153
108185
576714
214977
870362
47741
104281
853368
515259
60685
166400
930675
728302
47245
161157
274754
935437
854939
860573
386716
630476
830578
242364
424177
803431
184994
456601
253708
818057
247373
75346
653928
675295
687799
756074
979684
833678
630364
296834
875592
607085
771308
404413
60202
630204
74503
927808
89208
302349
675737
350644
218846
280956
235878
623457
56387
160686
324089
65221
646950
596749
820511
124789
229345
236697
972865
574357
372470
655153
669578
15287
793323
809843
932818
505273
540161
719959
760293
179481
682476
547195
179674
768952
305296
902364
943189
622765
698796
969941
687532
654913
442872
234912
977629
314069
157432
631916
151569
562428
637932
900855
457627
213461
926173
52354
436191
807740
813728
234813
304033
938248
790206
25192
574931
304855
778278
356161
326142
332689
862523
656980
654787
186775
664599
551002
1216
850364
501409
763236
744742
374894
594665
39852
905601
824554
479672
955227
252152
193349
140206
240053
864573
12600
848074
280488
581219
293130
492900
541860
132346
25132
86516
923448
254293
156195
276428
309928
44070
261252
976195
19958
398153
890192
708448
864277
682955
634509
850271
87044
952948
953901
644534
615530
402085
367407
481346
541495
965161
472906
699898
618869
494532
846645
460348
125942
768837
359578
861439
444336
517684
467923
400913
518409
973025
572541
168166
794490
239289
643046
675577
446328
963002
280061
224478
664163
22748
827248
354093
187829
929953
125222
803470
135365
865697
606578
972274
853503
780292
290763
361261
961717
430861
180270
487325
200650
645933
11216
926074
340539
250965
113002
92162
973697
145262
960504
292205
521689
479827
242671
541726
388810
322702
829494
88833
116553
497898
662754
674393
814641
488047
141200
822776
873678
174357
946574
21760
951387
292858
111749
417106
427897
865427
73716
227278
781294
58455
150521
845455
842745
700027
705209
467620
445833
213227
990363
565571
735821
898726
436484
948629
46434
38989
249752
701188
75853
812110
501252
644943
924118
892687
933999
718330
574635
979163
844259
539194
155058
393927
835064
387689
16268
897266
267069
209435
438724
497720
761619
282381
996454
724485
915116
286378
228606
825761
868622
468858
334787
135697
181085
377419
365569
649554
106651
318448
61445
961270
980843
722146
433532
519060
54512
183986
469388
322923
46382
977750
690662
666762
758366
766795
507787
42264
177581
756926
525582
553979
340174
747965
642144
871775
405284
264321
558621
674384
489339
614586
614660
318470
905378
292322
924974
896542
418685
735883
886808
946669
530648
77266
393097
308045
41334
19684
290755
540055
522658
244187
627118
746121
621841
231728
347708
958854
560868
664427
196897
978150
507352
215879
322019
583563
814070
484283
633777
208458
892860
924722
446955
629108
9561
884823
10213
201199
213366
801007
548782
134666
412
951029
486376
225549
606575
906812
167315
848001
75908
649663
414074
552008
900387
347464
9656
629557
279496
328321
188966
599001
229661
179594
349372
491233
40415
77244
387493
299266
764409
676130
783314
215054
447337
85915
483118
466175
473748
741229
293382
709590
579711
500263
337823
182640
28724
198982
321666
371537
427703
256203
303108
257590
717305
176267
41318
27857
329122
672972
400233
670070
813077
524779
380681
460007
444228
615930
347502
610356
674203
648528
218694
566801
417166
278749
836645
418281
396492
389466
843579
387109
125093
419264
772332
901303
924870
695629
488999
8040
445633
742795
49003
450025
780673
974443
800016
45971
402322
625006
568810
119854
535341
20362
920720
970259
857598
50557
354771
462544
282178
21622
691872
284110
703965
724683
758219
598856
673183
763987
196485
10522
770682
396020
316623
658286
787956
824275
274599
995370
164320
638616
739606
894384
479141
4507
657810
519208
679939
122026
4682
69282
702280
801804
471869
37155
217258
222836
34511
608164
368922
344198
213609
533599
70503
666042
968606
219478
214433
625357
386234
683487
420871
941621
255630
427999
366162
577880
105341
447151
228692
983340
598433
273169
953844
970158
853339
840711
704641
170392
642302
91969
899922
61121
499288
464585
701926
62919
228740
890729
304878
661032
511219
267861
695146
210488
652716
880346
817949
658785
283846
592203
864807
936994
941418
384761
606911
605829
490566
954632
361685
584400
362637
974825
789149
975143
888376
101084
809058
272954
934103
795128
343740
3034
9166
32837
96672
577175
654770
782157
938957
761617
610871
157838
40706
649192
743403
304494
28280
533164
226788
858505
756203
306940
150733
324684
690616
481698
386017
308624
707177
973891
897340
81730
591194
468184
846833
274159
888167
636443
198752
120524
720239
891922
436096
502249
78908
665548
926972
668483
532894
396394
451933
104813
835839
852579
997711
569274
7842
892200
566458
250682
751950
412040
544034
761366
421450
501742
261620
777591
835393
433162
957347
409526
810509
744973
84303
807399
594407
919195
588057
983318
951157
754004
943260
979675
577623
568982
450910
432328
279200
66260
778544
294255
617966
16856
465352
598644
673661
377502
960993
169653
949665
120938
89457
844805
714956
988829
740091
405665
755195
926420
321158
250800
284436
217118
527184
422880
248960
515324
668067
168712
99878
248129
30472
356624
193210
79314
595893
246941
395986
590231
119833
424131
894034
722848
959418
788989
183022
394984
961306
324448
20051
882892
953354
456288
691726
758708
233254
651634
526310
601167
110107
539726
659019
750124
470183
794294
692883
188237
327710
811616
347896
334120
234829
825191
466449
837684
759734
91434
546966
192234
76551
792620
332068
728440
983485
850328
522627
601171
781949
766391
407282
229433
392186
397391
683400
897601
133713
663214
173298
85703
589754
829799
831758
575513
96650
430480
899107
389651
127362
661762
318802
658466
155556
582919
897573
144814
620433
246028
849312
303499
137000
34220
907117
55063
745224
489919
82310
880905
758076
164091
951618
891967
222526
862601
194572
84427
578963
450318
421469
138088
678512
909704
354625
730060
890692
3978
336007
507317
727408
658962
283783
415197
604834
358111
723525
976515
848048
178261
382828
297051
393178
209163
687311
248737
665621
408990
389772
3773
296966
482885
462057
748468
20144
85169
969493
147195
48130
192659
573775
651593
707219
731201
238151
156635
406667
728322
588711
896553
551537
954185
368911
255905
420104
77468
185219
361036
590223
360693
574918
757471
871265
399009
799829
531761
631204
555845
157851
883646
906620
784563
179626
90533
734940
271190
738278
936624
301386
586126
81965
658647
731597
634075
798330
244332
922190
935971
449453
483745
178043
363316
925962
131016
228722
348828
833083
155231
180188
418664
16222
269977
199183
850621
487112
16715
650460
549165
640991
544690
332868
591983
335389
97180
311887
475773
423026
112213
409424
989182
293490
936943
26960
381264
982666
278719
908393
878563
525412
268888
336065
230735
860971
645761
799157
916679
585597
613643
247825
725747
483929
187873
928927
216109
669522
925310
707223
567533
673725
202317
672905
937901
577831
906999
918326
291516
603844
990971
664771
820033
288790
333924
517011
977152
981896
517811
120622
174735
433055
533316
257548
120506
4567
682813
93043
364101
59471
328416
149983
383030
360016
784276
12220
22452
101631
760854
228177
585365
884225
336520
959162
810259
30386
590868
268208
172023
728277
964551
49630
860920
891094
560014
719772
655756
387579
895391
644666
357597
815331
765571
822048
388715
38672
367607
906602
666306
234436
863525
645585
221978
747947
245776
624777
935388
260723
985213
607812
897290
731552
578470
633786
316813
615157
754211
200881
369133
993853
176820
385264
666085
153596
901678
601312
299693
620436
265559
323483
314017
548567
31887
794890
396728
565607
675088
409569
439952
257154
665697
968004
59855
961939
374000
332067
460565
239788
248184
813646
263553
563166
895596
324245
875780
900047
351897
769928
786097
920828
844820
213466
527734
180006
540792
349482
968053
196312
447820
194820
224734
568770
91073
59823
524845
502082
349055
263907
576122
64048
945814
473961
89554
642886
656307
651115
701281
670133
437501
77576
262113
213307
6391
981024
493889
416922
440754
952759
652337
99827
539065
970814
201771
202852
345462
29871
335161
396922
182150
265462
808842
638276
653343
804231
270853
231250
580365
779245
383141
672488
786980
322051
850893
474943
445462
895223
60594
444856
102515
914427
784041
371364
642510
423697
569707
51012
56909
205199
2085
982207
438581
934346
805031
607690
515921
568812
311824
314038
724538
805118
931050
294173
511636
997807
568816
653551
715744
205437
623474
871478
228302
973322
237490
784287
807140
933791
476144
374387
755163
547776
281355
829388
643762
75295
395451
796301
19406
203165
130900
366524
864288
183457
604982
890114
725878
801466
133411
808834
566960
611071
873966
543441
473494
691175
458887
676343
961572
808272
43954
855903
596753
614980
757920
358114
514029
60529
292039
450284
165646
986685
325445
529770
410364
841751
854323
687867
538398
824348
136289
469225
467767
863185
486395
680204
567862
90160
653331
572842
562070
496089
959309
830759
460694
198509
377864
20193
669370
338495
785091
674200
702377
455460
198448
29992
310850
300867
388144
677763
306192
453273
992451
966945
349964
224015
273736
351348
249799
361827
86167
59516
189227
686501
396553
713837
906982
503896
101510
97967
780890
768749
836640
207041
937508
269044
154387
107841
984733
416279
196878
445088
319255
81622
796321
322126
514315
45928
966826
2961
606909
550920
442728
667380
180416
198132
733676
67915
232978
415682
295000
533549
297980
650831
519125
770565
321966
187564
414485
235504
8766
534103
87481
645715
195678
515194
688174
306470
254461
955132
211088
678544
677807
846597
124157
471815
110014
277497
193438
404387
175104
134815
281034
414671
151901
419472
769030
196087
655616
651791
979067
860747
126397
931817
762952
909114
850413
946004
656151
378349
530932
612899
195869
371289
198523
621833
790004
57694
580920
915463
623348
278005
803923
632232
534517
733460
823487
868960
793252
395103
932093
967235
61891
107239
177131
471723
582292
595935
173051
617468
300035
910664
939047
892264
734836
220527
898516
703786
892781
806111
395007
66325
607634
182709
748370
676411
582831
180652
177540
154655
714490
274926
428603
551039
425475
613141
594838
396562
224542
274995
904257
270559
56901
469072
667777
462083
289796
58663
294013
202045
538508
40306
820380
71038
376524
942029
788535
186677
369869
194059
187230
733813
80025
507008
74984
558536
188765
892339
680638
931597
639996
741458
956039
337354
338500
207738
327388
917777
690812
954854
67625
859120
392205
325584
913640
973722
852674
581584
561203
31129
593690
903316
780027
861028
39272
872649
575694
850947
46490
63391
56732
538568
233071
268082
510704
993540
785098
574475
540789
97420
496558
382275
470567
343329
86979
409837
692539
781488
238604
812595
14214
433330
901217
807571
384241
697105
757352
810755
253483
974192
645651
15882
148218
3671
193499
777781
7548
626840
379700
786441
538096
441936
662995
79861
934455
772024
690854
30312
706096
593707
908521
54560
674367
656732
923274
836030
894543
134493
75091
156517
451886
817513
223871
989564
102578
666534
852443
277735
104622
24678
457454
295761
283436
168354
230726
947573
391683
739293
191985
38020
987364
594857
263933
436137
617532
485819
820021
640470
116607
768001
152922
404198
90882
745071
563878
444624
43599
414074
703393
613323
757824
647538
431585
237573
531300
712060
119705
672286
436807
730385
892836
751415
367400
432920
649082
458827
544523
181080
743210
814945
779512
445580
603319
755886
731598
538082
724349
374293
7366
808844
248994
143131
564769
249172
259682
130043
938489
440180
518797
455681
203586
778128
134419
965066
29731
43047
383878
695668
837358
648236
312349
152536
965062
199573
612547
116633
749505
831558
640078
688322
828071
824529
325786
267131
305835
436439
298656
354300
594969
521850
557289
384547
123447
569428
61666
296494
862272
57867
190528
566517
528376
230910
449183
831391
588449
124203
164969
144226
285628
400006
5987
494986
98647
930854
626179
543025
365015
861145
61076
893505
381322
60529
572014
631105
428074
351721
498276
567865
232911
790325
335371
896182
461298
832989
227790
708182
655375
712608
889756
24600
657022
942552
367454
283706
45632
749299
3021
416184
777129
302406
837505
498952
906042
751989
812215
744603
869315
384116
446686
191187
278431
400968
932435
631811
864779
264117
362212
407878
141694
789265
650391
278407
407590
371878
111904
39184
946022
378872
147517
538970
728899
45133
636231
460376
654757
217169
604921
350403
732714
486535
862520
370528
600881
372355
142691
908187
464408
764145
551345
325834
960177
416756
722616
266547
675587
793680
723050
380600
664621
134107
995474
944230
946111
383189
134156
379183
793319
381169
268695
565639
922713
852224
429994
252944
185409
19783
32560
399674
648435
290150
564595
141675
670655
962714
164806
316068
827966
806065
196767
751094
307746
695533
547834
537398
623876
301775
109564
902162
204483
478466
350001
144928
80117
665816
708470
85893
616538
879678
905861
608909
376104
150011
725649
352775
693412
739364
186927
60429
82163
454245
380237
451769
267008
918759
712030
321526
220468
379751
843887
65003
582354
437012
19975
354520
557816
555245
887668
892023
537604
266233
668968
663988
257276
284241
392234
977500
817536
813514
991352
552886
659168
459812
230460
599339
82270
335651
474269
948112
85318
802333
377376
553603
713509
566421
796274
297386
584811
571977
547730
566449
618369
677564
696801
24043
550128
280692
246053
579819
903292
579576
838811
639312
247777
869866
792259
210636
907535
779265
747263
706034
486614
44514
648017
90629
917882
323984
120739
781169
751632
704536
764556
915347
752724
262613
710997
132475
391831
792133
41965
537380
392810
157016
520519
2139
648865
34903
539755
991012
601327
70209
182739
46829
866914
137144
789811
327606
669170
800137
245541
825441
620070
7600
562011
875960
563875
626200
340912
663470
623966
285026
891409
882998
38293
605951
412716
424851
74050
213262
417203
797203
250490
207071
430306
160995
716441
252353
231378
898542
449806
204361
643363
841783
593564
412374
414162
233964
850514
173450
191688
932325
518079
896099
77360
882903
77169
348899
736535
471801
692075
687667
896864
414120
492630
867411
541426
697953
37149
40067
558992
239261
430788
619781
502765
73332
871826
876665
215943
226140
542751
989710
234767
208609
745975
396564
535313
463604
994628
932486
956923
149608
43681
973694
941684
945707
374230
473850
261498
251322
955954
672210
186812
267085
918118
228751
380955
559665
457244
953479
578434
617533
111617
141394
582062
124359
479057
886059
338848
250504
805675
549054
815098
351983
293676
33007
554243
713710
894118
332127
299343
441817
316804
866366
306261
905145
957320
558567
990818
255806
114649
437955
875417
779034
726071
552095
427648
265743
193100
689079
74901
961547
322133
924852
266402
350604
904911
595043
823504
170346
6583
895649
648669
575152
668001
151012
211368
707434
120970
157888
669780
277305
794405
542829
180839
671514
988540
878218
155689
424440
45715
122045
570578
646658
460632
470480
321227
586474
265971
527715
563286
613364
639757
42031
653623
73528
145566
408807
362196
952778
216667
645542
137123
724414
411914
850103
84834
270946
848452
172657
746640
984766
705945
6783
228361
882105
515139
931592
918373
765393
620721
579594
999097
791426
376787
274427
194958
585327
532482
167983
661167
842787
182427
656961
968338
936770
338128
94926
523855
704802
720618
492512
300572
274875
868724
260730
156204
794377
222136
510154
389897
620617
144072
795668
679561
803768
840288
875792
663903
253740
794797
144404
715368
696341
24546
476996
120652
350420
128490
553529
667759
864003
377733
184609
239705
135306
533512
186549
569780
258782
757656
918938
580647
442173
852366
502474
125791
282822
927420
128816
745452
734870
292012
611650
605054
172947
683841
761347
836324
270070
111723
651876
479957
699409
439880
113671
748716
724556
760114
673997
232561
190062
472979
255529
325975
853612
593485
307831
339018
842056
971368
686282
769341
142293
306146
799471
323671
96241
580889
174547
323122
944587
72526
980714
785977
371795
117621
197062
785307
44262
939000
558840
999127
264995
599780
504511
684917
969227
503163
102154
986691
632115
82897
487009
613699
823947
541553
833875
731796
708043
232921
288294
581409
663831
975256
222475
270543
312992
679982
538443
651679
988786
370351
682150
96399
146759
360584
664774
27222
808492
401195
219193
153348
940990
33834
489436
366124
555867
224310
994387
874267
354479
248050
643087
10182
673501
882698
793448
527388
769545
121502
542310
596177
584047
653192
183698
302814
669937
391751
729815
8629
654879
313775
898095
442617
546417
609707
101704
369869
397812
321877
641245
226878
571232
684013
12028
504108
387540
702206
924971
636995
119514
189492
732868
172858
502488
257794
645292
725337
64832
727566
450103
248165
549715
266057
189097
121224
122170
708011
491104
150893
986536
327245
345427
664931
854783
134928
23841
160287
182518
411151
967408
878404
116660
903291
886441
710350
332353
68503
741545
643659
910098
211523
140024
702896
842520
510724
781287
794401
433301
240591
544343
645209
475266
530818
726164
452055
946785
952740
292887
962292
701779
418518
233619
804248
771511
844430
305482
669705
18581
217348
34574
570316
325426
323823
177357
12439
895763
709451
360864
930528
442161
194987
382292
258223
954453
921951
61742
858707
605657
783586
167733
724127
142042
884117
817933
363305
335817
754051
37650
846475
806059
165129
525846
333833
887153
235242
374724
313847
357764
651491
866043
480839
719800
616949
984731
183016
509136
141178
692021
568035
396354
71901
56877
990296
520246
766134
921752
783483
876175
631433
720345
547674
47058
905409
91036
330209
997354
971357
887995
587763
560547
945246
440042
202629
464943
719414
889965
746712
11091
392547
724436
533812
109454
430884
435869
555749
839709
257727
39631
16990
174337
925441
157332
930574
724124
898431
534125
985965
648149
660919
129554
259153
559572
397261
36584
309798
895917
993400
991159
126244
854610
448920
566687
775089
875250
614771
386001
186825
159526
402564
499056
168489
946557
361887
296267
914667
159748
877107
650068
320961
64070
114125
777721
256011
598197
526529
67779
424736
215572
347575
360652
131401
28439
508264
300458
900551
676978
107218
816611
111102
856911
798331
364588
812389
291564
637566
531834
733662
468134
963849
198287
641624
752110
58035
388476
247344
463299
260390
171410
839642
973316
367265
827868
5411
611872
813088
889108
245610
592457
629366
672957
610686
951052
493294
27279
48128
194684
176719
181320
439678
891488
911487
713430
840215
95350
417992
264647
78165
943961
46985
661717
113903
556121
975478
493298
441061
584814
234635
329894
217827
457138
821973
689796
574170
558461
408607
997462
772971
608306
101971
120579
129994
467365
994774
424427
113720
203962
471653
972851
755925
661783
89440
688293
759666
165018
768187
963110
289095
621866
377369
292040
291018
179609
695648
570929
191077
474302
288537
118425
62017
139662
370830
321370
323472
12387
916390
525602
753499
337545
75207
799120
895999
865486
520992
775066
633648
644328
713439
489375
382951
382903
996424
317196
557214
951015
529441
308154
178138
548348
649295
188436
276690
455580
362164
448694
864543
582364
838635
193498
45280
76863
607658
278551
888330
492974
275453
684195
842660
605194
808786
273626
18471
995021
399919
747647
605403
822803
127760
314165
149600
569073
250795
768764
83485
995992
284282
27055
980750
285000
616431
480443
604116
905070
690954
798270
516712
46588
26999
679600
947462
407889
600810
712485
677026
727419
581693
730135
698047
497878
398663
859927
104441
770477
37730
954829
997935
926572
749677
549608
958992
447249
612069
654121
647216
703439
530035
185145
106648
125418
120281
408172
550349
891582
691481
518341
896092
233911
257752
65313
626027
575288
745120
80130
57540
349003
772886
449145
751825
140321
468702
150182
882043
863239
455804
26766
329414
948566
511429
508761
900548
970004
679916
9522
89320
453641
713877
968524
344642
6211
66303
426457
205327
434583
204744
272019
257125
111683
376882
810042
705573
776148
527705
708023
897315
117066
787521
954424
471542
689603
662821
718132
939286
124910
611708
268639
349168
230795
452964
272909
1980
17093
501739
61090
285883
876767
939050
960449
608927
465927
691574
189285
513615
205917
483219
626792
826817
626552
372920
773902
889680
974503
147929
108974
10745
699646
517499
107283
1165
678433
14110
826141
912159
669225
112779
445559
735103
424527
824783
777831
587872
168261
920852
254643
719203
151356
472150
94437
637375
241185
478765
68015
360168
975081
806676
665705
338303
569699
285470
429666
271287
841516
278365
745294
810523
668278
297561
110821
174766
844768
869694
269240
646768
476434
184827
908422
936593
755862
789006
874563
210735
268682
101508
19413
561504
791058
615977
38823
976827
616355
770227
737101
900838
194603
574526
831246
715440
422403
419677
504159
441636
315057
973908
72816
458311
987502
582899
955644
237263
727811
869069
366522
337536
805980
832335
48182
155684
449773
267546
310542
556449
262158
40352
891310
32655
757394
984580
538385
804118
301497
325063
3513
527019
855590
963234
286403
36667
951128
64423
335257
23575
619909
605540
452558
432022
32124
37010
267472
762107
260352
383303
303660
384719
445773
60601
881244
817613
929412
780642
450420
772100
969173
737807
519459
347169
651368
627652
683128
467207
716925
107492
152310
297845
431501
748647
308063
574412
524687
615766
895893
123809
909050
233933
915185
698917
822572
646965
409076
602505
3875
373808
168207
946048
265166
940362
900150
299078
744972
481147
542713
751702
605112
984957
212255
712258
972103
965708
558632
825511
88380
644673
32164
674043
66177
305057
248766
552447
944089
538249
636975
565140
703176
250304
187440
148929
889095
178731
929540
633873
905043
484668
946906
262146
251748
115175
536100
72471
528467
588613
744836
414401
366832
465855
515302
986648
701651
684945
460922
905676
23576
506747
654354
544869
900740
93421
121664
73496
952252
609966
549630
762489
254940
580496
934656
745869
415399
453627
141915
57281
890518
259765
516187
931552
526269
158323
63741
420686
489879
987928
476927
69482
460328
486681
429991
317273
644436
83847
61626
755374
877717
77299
767276
429656
342410
580580
273046
4459
716635
310898
333043
949545
99545
159733
29495
402891
745967
157941
921908
57707
961678
847729
942093
815256
601579
653347
589983
9432
518156
23846
55606
488350
105151
528812
513460
693546
570929
931076
927095
678465
803478
524608
627742
293425
17616
838512
815199
592123
187071
699921
631702
134614
137812
216713
727301
525007
974405
122412
565866
793125
808310
297820
156066
440997
334977
834734
176860
740410
219192
901415
935905
652726
708991
144080
94431
766325
115878
397347
156911
601303
790531
563456
451654
42432
351971
34247
186706
354637
131881
176913
661300
484277
92226
701769
485003
154755
463835
911025
310603
103190
149249
746984
83042
189126
246899
573484
498158
427200
794020
169897
19468
181012
46223
420869
83926
28934
761150
762931
767553
14272
651859
723539
384671
777635
793882
361424
580996
322945
159908
677599
186837
653060
840444
23798
282776
89329
117365
791160
815510
430763
433731
795968
40655
469978
346575
862128
477797
268983
410232
347711
397396
833759
807219
650659
506692
600958
305657
408035
343893
291446
992438
365235
49448
354684
755627
619323
356312
758721
801637
253085
558674
300863
166502
490720
535783
795212
852032
123273
430724
444477
364919
212734
64802
204709
582850
358329
226695
637678
941219
221506
647097
704188
898413
393920
388156
893484
194898
908000
299226
269967
722719
408233
479675
714859
26083
585159
915782
738992
692045
40685
814258
1155
518016
412004
877443
300978
224130
182912
525503
791165
119749
784154
40602
230770
706277
859232
466803
274651
9389
206754
257816
498812
288878
314165
134730
505895
313952
333550
407891
344964
380212
924151
840025
537192
906029
4374
923308
341917
227209
393629
668203
870184
516077
545101
424326
303765
431997
321999
517002
149295
885172
24481
388370
595231
825804
73188
441955
22247
302659
668970
455625
683653
259151
185896
154156
661415
991600
982677
424006
656528
59785
39194
523405
793533
329334
886693
417033
235818
352010
220304
83552
916112
494142
260223
367263
50029
335950
698053
845741
667699
976101
423741
258154
136542
614149
396221
679569
459516
168409
379586
244958
231227
306260
86180
306507
283460
916945
57705
233468
798820
590509
34926
698228
51516
744051
777069
387205
628052
751944
505549
401546
770887
732861
936959
888336
824021
521732
966048
16705
683189
46173
482809
223503
158597
20829
932913
557526
852012
747288
730720
29868
388860
523222
951611
643275
940363
845262
605386
85506
599461
440869
317029
581320
748902
394437
560240
717171
800553
251890
760162
58747
712912
775465
192798
839255
534196
453955
790363
47056
21588
596822
851754
638157
723327
446473
927706
736239
850207
777878
182419
180902
814144
832601
398417
604291
298727
144535
728939
815171
452350
704268
183586
977681
910572
147427
319392
375075
185059
35699
783271
800270
970269
938687
457401
194816
171351
292928
740983
866764
810009
123222
210916
425569
250974
225602
482897
961224
373212
301726
272042
694652
500413
624290
156205
11887
970370
788462
324325
3562
809851
67881
359493
50637
581826
392892
602316
589621
573005
153966
179146
573280
318817
848618
383923
38527
56611
664773
572983
608332
370747
307842
54594
213240
198266
685708
108894
173841
90633
771288
964354
333579
154910
521260
318554
532002
28926
531864
814215
889835
73325
626396
83254
200143
588234
612789
157042
203076
92990
496318
535770
918258
855785
166731
367020
578236
939690
320607
711099
832003
194645
918947
922501
343562
122658
575308
150343
452334
742569
57210
664984
177920
170562
324515
282038
295050
294594
813520
777371
864979
302566
985502
846680
3336
810317
194581
543888
269038
908331
502167
405255
524071
111842
437154
537698
276479
55358
670769
408492
323911
595862
74945
780504
28790
410236
906532
472714
398911
511180
898458
550230
670616
272181
700562
728866
978846
465915
61525
581934
47467
486837
275945
97960
529401
637541
509460
375288
926779
571585
525551
63742
969323
738740
754021
130136
443022
635295
781513
323388
810177
948514
938907
707470
972029
532185
722875
329885
660198
509446
78273
288588
405045
869489
852946
88909
389342
320444
452122
25726
15610
539813
581837
156851
706135
367859
553206
38732
898193
246250
236501
935742
946408
198911
621685
795116
777240
327770
570964
197209
768202
711865
67226
545354
595193
80250
904069
722380
831509
823592
707393
154487
179487
117120
477311
650110
739887
270589
940676
473966
309641
560298
11586
127836
327052
372921
13141
861265
712569
178343
782796
775231
947672
948483
70318
673520
916379
545173
544545
151842
238664
177225
673731
264966
340379
106944
551054
870060
670537
350341
937916
188561
392890
688363
654205
572797
278691
236927
233177
901224
620783
718206
673411
689817
657102
886416
784703
432328
675133
990112
650940
498374
830388
155574
569723
230822
284629
388583
422769
769060
600998
602023
328033
640519
81508
207142
295423
91031
793161
401668
928295
42501
730517
100311
551416
930523
768722
784585
810670
603929
78322
332555
475919
88452
726751
349196
810638
839110
121085
355474
490678
81259
971106
940143
743504
908854
374661
973218
127822
143099
972026
520280
953148
806997
754748
347261
742832
995761
412354
739094
282483
586323
948397
147188
584123
999357
125440
293193
641549
686411
172760
602116
11983
133167
400685
522427
825017
639108
155203
180923
798204
634006
901414
919829
879536
722924
767423
886372
837779
880944
465663
51476
887067
850259
363864
959931
304447
727169
247369
934873
138255
188329
800765
899533
327729
607205
523861
97998
783531
406453
787226
814153
430162
287690
42591
65298
595467
450657
912071
272860
15188
551332
285768
838586
183372
742613
237076
159663
397291
46546
203857
722944
701370
387962
311231
593217
910054
150157
823296
636595
147624
704566
895645
387201
33937
676474
924422
645669
893230
87251
124191
631783
768601
31379
289400
412316
614611
627579
629908
445030
570477
667124
515182
502765
180052
819270
225796
896098
392707
70056
725308
513109
859875
765108
666551
837685
611466
743846
699348
682783
226391
253369
49741
441042
903913
175076
593801
111322
244965
70031
430032
375161
601277
345998
977839
244386
113455
415510
85959
44822
196308
360975
394036
880291
295610
461992
937140
578425
717661
121135
801620
695513
464330
692941
391842
914218
441669
610120
689355
283575
908411
777296
98207
927612
831164
860987
37816
630017
771962
169467
6084
549691
902765
728265
327304
259596
645375
171278
67813
439268
246547
722708
624239
552394
730534
75600
370982
129283
716959
623867
425058
488647
707023
913440
298204
253900
350762
704671
827855
676939
913973
889667
303467
723899
469520
621359
541815
754678
660389
14885
392225
717550
30828
837660
712580
284763
571425
819756
874580
982895
111339
660818
680529
911739
347463
454268
454191
127884
207060
421276
544076
758453
158772
97699
908479
951455
895353
980732
175651
172015
183866
989555
428450
302483
965001
373357
11583
691148
327593
830989
77198
866890
569039
910541
511826
520591
715646
383600
960137
643520
323234
179298
719493
287190
795925
234915
589388
696301
496418
793017
47088
785879
903378
217898
545874
288003
325969
133626
641036
925629
690459
625253
594057
880388
658225
902825
152079
560297
966369
970171
361013
781261
517023
108450
202479
382431
318310
695196
840570
626871
554992
356304
677607
898505
739633
855538
883511
541798
143312
843196
53651
288493
202371
305410
90996
729057
204092
827553
994659
898614
195258
306436
653404
487200
619453
262585
952370
591402
881012
284052
302444
562528
431690
416043
127580
557765
409282
279154
669255
901879
494734
220339
645737
922616
928492
694516
378231
533228
461760
543832
779999
250974
942440
375599
851353
53062
462732
567626
793440
107468
596699
366642
695833
116863
845469
214747
691726
602832
713418
466570
481593
920282
862305
662866
622002
654401
740941
192021
395158
429840
1485
443249
38470
604184
539852
38069
204098
296431
810050
572378
665289
365184
699208
611608
626261
367292
264759
391909
783091
518590
206772
850341
380513
37309
587523
830950
193370
317972
319398
920161
124866
587172
744931
629886
652138
919475
903195
900829
695881
948093
169341
350022
2864
571609
809872
168684
67383
502321
255002
263364
177075
555647
507178
157742
292789
503247
522094
936290
793933
705764
570471
883738
527136
441534
567230
30491
286825
118806
920021
709818
220639
417724
802203
159052
649819
55781
878219
328973
291047
574606
520982
223417
96700
936759
951757
141684
701584
448447
837102
988550
718951
841844
473426
986782
675122
35972
113684
148990
763810
563536
543588
337576
639580
76337
968046
348155
137510
416719
229229
536653
358807
935758
265
3104
447183
510763
561977
55218
965589
155069
17217
541893
339900
640415
601231
292035
353499
974096
413711
712325
447772
282590
234432
408899
534167
59090
493193
891232
399334
389811
575455
335275
584327
184669
992065
716846
779155
132764
37642
908544
615809
60859
54736
168193
302390
460461
937912
878216
689917
826343
755206
468461
947019
393414
169097
309821
414913
279105
637575
249366
25629
789196
151108
213525
993743
213259
580012
160252
500563
419973
353325
838051
468365
2163
927544
313741
61841
278647
113239
210447
617
400727
86430
533708
343703
739737
317764
968787
8363
630187
118155
607271
875484
511255
626486
380891
9111
56981
100204
554667
412820
854779
137153
277200
29003
960463
1365
601599
448066
984083
958340
828403
370264
336587
921450
553067
402707
635801
378838
280392
223286
53390
436699
563153
489461
749523
745814
790205
300290
859018
768212
547339
785526
357798
294669
635339
868078
930597
665865
171142
701164
682666
873872
147886
118501
422391
873981
308753
685837
547690
899004
338849
177736
708303
72774
843165
227760
16266
771279
517287
160017
55658
973469
532096
493077
762209
146533
27250
26116
625314
522552
392435
78025
220929
582034
821968
382489
774000
922171
264266
782256
262973
983731
941747
638312
764650
153142
652221
315311
802489
36763
725150
588395
81459
224446
626288
259080
181151
773399
282535
571150
718021
653353
250340
632295
123772
708499
377847
385292
617148
950498
74003
960641
355781
707890
319210
857594
108013
440978
511555
782995
440610
190387
336983
501189
720863
300200
358958
997873
886059
257241
163095
100461
208705
56193
227527
113224
944680
324806
756299
354405
2964
617728
944840
414124
857976
812694
82366
421028
488173
12885
24377
206882
856811
868931
485639
984209
251768
237376
884736
813491
382406
309754
231653
512683
908585
645876
146060
404725
756792
255065
268749
282712
85278
751725
829496
536137
806552
747343
792321
329806
310470
646606
543540
175967
534493
467249
814737
203663
256266
303652
730903
349630
815579
784495
569506
927568
565195
328486
14992
330233
213362
414767
868840
59981
570965
762512
212749
668833
516815
615549
345968
13767
920933
796328
685430
695830
876474
640035
377221
1043
976610
846222
76332
812820
559361
89511
716603
453889
965246
539691
977032
536588
998755
457988
320796
104356
702906
125689
586453
637237
628292
821141
550027
406703
222167
35659
66460
208827
422466
487483
861424
478072
511692
847766
52376
323114
877954
696232
843154
644455
522196
693342
862968
589295
567346
151627
401585
414710
664243
889864
693764
928874
166268
734694
610614
693369
407538
719822
805352
206202
943391
290745
100960
524683
195662
411062
177707
100771
477658
477609
703469
958942
521560
410419
602080
542843
960813
813751
902800
591683
776187
567438
100750
133752
28389
257557
274350
101570
389017
902752
599699
216514
896521
366333
365401
60500
174233
293803
845027
807614
819529
405572
955460
19923
764110
331987
117709
525753
129297
462827
651064
279876
897614
510174
321498
141044
570194
441545
286647
475959
189525
171534
710819
363286
571923
737690
726342
799285
685190
308972
444291
23318
483285
378373
459852
641800
757519
272273
337394
49529
790569
294916
204679
250408
995451
151630
632716
97499
721486
131777
233649
523622
559891
131414
328161
774287
765119
523330
577738
246196
635507
95477
404600
678592
927575
920912
122073
722168
434647
28735
557460
799582
510550
977978
76231
666084
825486
635982
392921
783390
667025
443925
858327
323640
86997
753213
38183
642296
80408
464701
658781
450452
459385
184313
470858
449826
214956
583543
872859
973254
501032
232446
509728
357747
581955
711609
182470
341032
831027
200735
539715
85816
917026
134800
521769
77105
558026
130559
144071
279150
338169
734623
297930
117310
932702
858680
422038
455747
433713
496180
120191
289637
993891
798886
263180
773712
872176
132942
831375
727102
923953
426769
813182
646137
808169
876572
205641
462329
700159
885102
730113
395030
510889
894303
374658
580279
729210
567816
526491
10964
232715
640531
931526
730650
824328
128547
577150
384209
360644
133659
751197
814889
381174
283788
435314
477549
261916
142312
997744
775605
299355
243288
983943
581262
751281
848354
589914
787292
426846
821798
916528
630796
143756
585595
605728
216465
612280
291988
827493
99842
410030
694778
428801
206954
857914
193300
95621
579488
994415
434718
496072
138610
88555
794411
102122
3499
632077
430411
244861
258416
98861
446115
652727
149226
650876
757162
782502
343479
932663
901596
959650
928550
17192
581495
920593
729062
548845
609982
781458
900172
155990
270041
849808
910782
305296
230200
371360
742405
13530
285300
847021
224035
41392
196075
509586
272414
637127
824412
642662
132515
397111
580835
660326
344376
18737
885088
386150
24643
927991
789387
342405
276917
313011
785741
450116
1404
26989
95336
978987
286667
86060
337605
534757
378476
602960
791649
986467
891293
617307
329328
532830
980815
753084
170295
20065
226821
514838
460868
253431
95544
509408
996504
52478
860138
532435
92957
269857
382088
130201
21524
445970
761709
41416
788515
372883
329613
459195
97309
543145
808302
743923
117575
425906
512234
119914
502068
18055
256166
234212
591716
579051
696260
739283
218482
247772
901049
551879
812099
639875
674723
437478
271501
561265
603994
412402
232516
903453
725095
386918
891190
524394
670855
996593
632460
468624
222398
38075
269532
498019
504475
311505
120215
373968
462408
513659
353910
520967
1488
425329
217023
826392
773963
914251
48455
866945
346374
976308
776526
363067
804113
576797
89132
531335
197561
670907
887023
801010
485784
901090
875753
783769
67107
962808
289474
55554
102242
983093
631663
571776
903787
827668
176875
850739
490997
619591
741075
564866
489286
669295
728607
499942
184687
718947
481454
393661
605627
147721
520905
443101
212897
617050
222460
367885
65309
804649
806669
776986
550080
112959
307255
577102
806258
641290
319554
600847
882366
351314
37179
520347
966532
694352
753280
877667
610129
539367
229026
972315
38018
183603
5001
894574
157710
767571
558836
926290
116024
161461
848772
607397
185789
210821
214899
798213
252146
666981
112563
45728
540194
968434
561301
3986
78939
741693
211872
264220
546423
16535
405
620099
19078
486980
678731
999386
492488
485593
143596
56160
642853
305493
421147
236901
138514
461180
750478
352710
251963
397257
210291
619769
61002
847834
734829
614042
538009
412125
977238
934498
695127
424600
392384
512629
288943
527844
933999
953659
285381
912891
724988
109103
693653
364018
871043
683773
991899
328143
462646
150195
775474
448289
373551
197628
165498
986029
732026
629514
713273
809452
995973
197488
502981
443309
597041
255643
544621
231749
348130
203015
680144
668846
872499
170086
711641
268934
28473
374429
184158
315925
967331
268707
893699
483412
714363
16513
90553
489174
306866
82909
992738
961988
991862
893841
408244
701587
353391
406693
932906
832958
271647
842264
985837
242014
447741
183244
565469
736773
5181
555152
766356
335857
794184
653112
473533
6029
937343
359468
440412
631054
439823
788747
580051
382878
648613
484036
406901
590322
332109
597271
497989
122642
898223
831119
97185
794443
282282
922277
867911
725721
392199
470762
279063
184708
38795
918669
308637
124469
884844
590615
57434
535687
165837
105523
205589
435977
97184
189721
928193
839726
123266
628422
365020
916221
459333
786930
392319
348621
355321
131072
748869
713416
87077
110373
880653
688384
603962
414943
785775
54591
638112
110332
659577
378106
255838
624878
401370
297463
389289
135124
120334
441406
590065
40133
300701
726018
232543
906486
132619
361003
966273
735170
815683
132856
573456
309962
634899
521820
519450
141488
324400
369611
367671
614242
259995
551508
154211
244462
527484
339354
943789
874846
209686
572473
781503
64750
63373
729520
779189
167893
21902
102009
582809
825572
715345
613731
233288
885025
474248
908208
145027
987269
940327
61698
894137
368073
363926
992821
302422
332195
912799
886323
264733
668563
749821
978836
140878
898341
539976
236874
326851
161880
871056
940283
838353
799359
396457
582667
684698
223988
450883
9904
11340
583050
709083
874165
883852
426625
829694
293414
975194
932811
794815
216369
527188
358320
73874
191665
982510
66460
41143
120437
96372
284221
349568
462978
957465
136163
871523
159949
885764
843713
957110
458875
645387
392330
957520
651695
88872
812787
586319
229450
138479
426384
886648
793973
764472
198373
266142
564194
967612
475496
601633
210939
270936
802324
911197
912653
451602
129015
190260
229822
921464
17598
694567
279749
801114
250124
357557
248103
15800
286359
422891
274041
460212
593114
841633
504009
471514
859390
442045
228495
469853
725587
772629
608846
529816
231022
504123
593125
460672
645226
73791
835528
745223
945288
897918
986711
607327
226725
519361
958973
685395
62844
652907
46675
367136
921724
393727
777789
702019
833890
748261
356623
429016
951710
982680
557110
465530
316092
638028
197135
117692
451256
257057
249578
278447
236551
55653
796731
869970
711784
83911
897938
707003
767500
860035
970281
533093
191059
468352
293582
355954
601224
994149
622236
681027
986994
47798
340996
655735
566419
910126
393309
243614
231959
742417
262778
302367
516427
40816
591676
482997
543901
691125
785514
679464
171854
965572
829062
4284
448869
621309
783624
980727
893906
715005
461815
646802
907907
50865
626538
644544
888325
525120
109889
216184
587520
335367
798711
704944
669201
198096
374361
635702
991802
365100
296132
387756
731017
337815
849332
794319
549748
421556
142841
611162
586433
495411
134970
858080
719691
219743
841637
936163
798834
583466
87362
788014
592520
463184
752183
477505
806060
537060
744784
806626
890051
500269
60390
333367
814571
40374
699222
62626
913713
979720
991273
824301
508794
135717
350103
554295
973231
717581
597914
78824
955099
559531
579991
562336
422503
827389
162025
614039
185097
443345
214136
391838
150976
166031
404645
888410
744062
517581
267723
581013
249947
98498
464302
967947
384923
283685
692606
510244
670909
38861
529194
610089
680697
647892
194638
435629
698270
717160
392361
450819
783367
397325
615168
17724
569
838132
394592
647868
729830
508090
904284
322747
997543
57970
695516
274620
226228
509098
388241
142527
799335
77885
679660
99984
748258
81264
666153
158
896381
235123
251947
216766
737159
400463
214347
574883
45871
483815
22684
779228
723056
338654
188526
618039
320705
330957
680630
326828
478000
867328
228782
511895
967257
247085
816647
615082
936704
26061
735754
702241
448717
188096
239863
907506
923802
482102
615327
75819
151525
857492
552565
175254
781155
479862
261392
303378
204410
809611
660007
217316
659086
483998
218447
548420
969170
365560
309684
22377
834092
513618
562296
831578
673206
127821
525859
35141
273051
219489
622754
995052
885261
183006
444708
688775
646069
217761
610188
756084
880352
639007
224957
833697
37501
168214
851448
196384
615979
927905
792445
114801
506436
664366
429487
582780
259917
778894
219026
549958
432345
172677
711773
805657
888219
691724
926320
411911
707196
848042
348684
118380
603718
472831
205829
558927
568447
304918
862950
760893
680014
907670
711953
666614
762041
724299
153254
194795
843234
541444
14904
950815
378566
723557
551786
428548
819502
371133
459713
897612
782219
39585
475232
66527
262074
938571
172901
531749
866771
141334
620791
951959
922551
576322
761334
770815
875169
309526
918685
9284
173702
395693
714342
990287
397801
883038
348011
94758
76539
687229
776684
200848
502287
48632
538841
488727
716123
225892
254626
231189
163728
23484
420403
527328
280513
893147
206595
595089
458892
263288
865645
558495
585866
434641
241538
217350
242914
94881
261808
476429
289127
896507
547177
843610
157762
496587
270072
116951
376330
652297
263280
899281
365431
87465
511722
366258
861659
518087
425195
802421
799727
516631
757156
503012
560622
530159
402160
408437
457289
357392
877963
708606
451736
164352
935412
238986
982877
713714
421404
773968
310622
641263
757846
161366
790183
743952
738822
825853
906583
71046
91137
654985
314959
321819
551228
490585
893896
24481
996082
521924
96257
938038
905836
93033
129316
949553
800334
929963
61665
423158
728038
627561
216278
662358
198979
499392
576831
883681
796729
750430
338741
998248
633836
994378
438510
496146
676483
987739
994347
32500
85472
917151
20287
690161
657531
102129
613939
510580
456428
502678
545266
140020
890325
100918
213962
131216
896546
457025
656874
890377
468947
753887
541771
949858
441697
335376
791956
927523
932244
712837
997370
956615
467266
537859
998169
197872
404453
34143
945952
33188
686336
751004
525564
581385
116209
402919
222965
279260
725647
174481
644463
452341
732832
100354
55838
192976
714387
449779
603670
167841
428912
731335
594115
205415
996634
299833
26631
452552
857493
627733
729092
123992
264072
1855
282870
29427
649453
463303
436551
11533
959450
258577
282156
390572
587202
824463
887318
193480
760185
262273
198962
951965
776314
521330
467685
596899
390949
107336
18105
357802
862579
587084
753773
7608
662895
465055
924278
530772
424526
5843
435969
591551
823568
48805
765940
393094
733373
281895
247800
936427
329971
980544
299998
209646
944294
595241
449518
846037
339746
836662
425150
184349
276728
795914
562219
590535
966019
163990
98166
907657
260960
794682
110778
99113
964941
725235
598828
833435
682932
508892
845239
903988
179384
104925
96481
691798
791653
652022
706085
824633
630779
767588
894834
118917
510116
934209
731541
102559
311399
830834
917560
895385
734978
469942
864242
1637
539736
675723
27584
960119
657473
796616
1898
608195
255802
256497
661602
72158
370265
123242
574089
638244
839265
980798
861173
970842
139821
794125
760114
357791
288180
312080
610444
132229
720727
699702
249876
660198
972082
125240
369660
667367
954311
738631
175762
353368
108541
515350
527779
403586
987595
47488
746689
189492
717538
545518
700796
799547
738225
202770
989170
84697
994710
238702
430190
554593
875559
39398
600858
773540
887128
773214
355828
131976
683595
412870
119253
837571
277115
295002
651345
309734
277841
588214
417666
545625
935382
925973
76990
874209
114080
124047
354077
629407
659268
834055
306985
949964
72922
325438
459397
877109
163230
112544
403419
59803
987518
342873
441865
254119
456070
110699
424517
470696
506900
555391
14395
211994
295170
966179
993601
640533
341593
949434
506672
59376
428321
369443
868819
651686
926776
416820
111717
576873
379486
322993
538168
212963
922943
611947
471864
895211
783152
19280
8872
241141
312702
23805
464237
645431
146200
138998
67216
465797
701744
840686
596511
643756
636253
30865
76304
717064
165289
705470
28219
507301
675050
144329
669408
475648
85634
17611
861592
365585
372460
198364
495805
561433
682444
742594
519445
516107
652879
349107
477973
779563
506482
629721
947728
528220
998195
830789
649766
340492
482644
295035
729313
368988
468659
982284
814101
288491
693921
830999
120563
328734
354299
463202
434544
552751
248637
680047
8764
900397
207164
680383
22411
353148
292017
239508
180249
745903
755019
128541
220465
700115
608452
631271
931822
321079
195202
981904
148084
713223
318394
177118
525841
664361
786703
325810
113237
87508
156539
832210
117190
491689
393177
474073
189508
452684
682899
55239
976713
929404
389185
619217
778370
734596
520126
39723
495523
806050
666577
934398
994136
187225
962960
237844
979232
341871
34444
23405
334269
71708
357919
918606
524577
163818
75136
577552
844238
687765
323973
734112
79398
934497
504902
449511
208852
707381
350153
557130
83745
891210
307379
142868
238896
232669
252737
228270
469062
510080
739280
642593
318128
149677
734651
749964
691503
435974
758340
904034
560078
744728
263374
395449
969934
171512
558404
317820
127901
285202
608458
918881
920471
324422
148539
405864
182549
669804
423784
559605
386048
735340
782120
253343
546771
470887
259605
966555
935556
306342
223312
173106
680858
989930
62467
146298
754406
567476
841892
399656
443536
883074
180108
150033
480529
368117
362308
791998
897817
264246
521973
588461
977859
269923
178402
258387
926561
980805
3137
13846
642755
867097
810546
727940
715360
2251
78147
590394
276130
222099
256712
868733
264665
103741
641804
612850
552036
153509
676064
815163
607084
351798
514972
223637
730082
831340
84939
277931
471054
801307
62583
959416
208869
79944
938698
742270
457614
24676
919780
168813
78640
36879
938390
34581
237192
73269
855674
653657
67657
399972
221275
930480
225076
211558
183113
805508
385170
322714
789236
327671
860457
888177
809491
662503
695430
971717
231801
933916
805796
355570
868484
889535
910204
399904
435820
91645
416612
100448
206719
288296
693545
507646
268751
475548
995376
412080
282777
522503
576238
395895
88418
417910
318399
717172
872134
882742
984232
243005
277242
513066
435340
524353
561677
433870
488793
54580
105914
706803
903100
41148
345257
66725
73237
558843
508597
184547
494829
555626
621127
942276
825734
295782
763310
56186
464684
294574
134857
176118
267998
780159
268607
205784
226708
972946
774801
671124
99227
197093
885699
717539
455685
400624
657846
87303
77052
824379
669329
807901
195243
884815
875878
153519
155070
660239
632650
735059
700884
650926
249089
180399
977080
572323
476983
156328
334055
836172
962254
223143
597581
149461
162197
411814
442146
887954
682753
477670
56439
88086
333662
231702
874315
106744
471000
869043
603824
568823
491269
407669
613621
880606
471498
660942
136457
929366
802240
236927
288627
574527
99461
809323
34030
416556
344355
960576
989174
884063
193953
319302
666080
788286
917231
645402
820855
693806
356788
449167
286206
77260
499105
267819
519351
562059
776121
105758
651561
245602
838021
232224
113878
286494
495725
105554
853585
913706
65557
677484
618576
629267
168094
956110
24636
504215
316098
956954
473494
352757
674204
64352
286325
689640
569188
382783
475873
892435
772097
941745
166851
930872
75995
372176
716566
879463
672357
885216
450614
726700
591015
281042
743974
469083
302797
256958
412835
914284
23344
183565
954549
784438
731575
15858
989586
924906
174710
985468
218074
35087
197924
927985
258599
238013
123524
593027
617527
941227
57227
198468
623897
160290
808019
986339
584733
403677
960444
839061
347284
883225
174247
899833
987105
305434
574560
65066
812316
452455
17345
549078
458956
631753
239942
356589
457297
805181
527556
22149
74296
602939
893417
96631
281542
498161
313397
623282
750341
657982
702304
598089
593081
652531
744576
320953
410617
57454
263810
110345
423254
221155
328738
876710
228584
455923
977470
552884
438711
90837
989485
525157
720549
741654
895781
717814
20595
364954
846210
500315
187160
120882
1544
102505
783545
360625
202517
584338
502955
870975
702025
973803
35373
243970
269296
2120
258772
165838
39752
469549
934913
159233
260466
555093
228211
138775
253899
344530
708338
989716
657893
669554
277862
63261
546488
325969
508782
64547
215629
710452
138932
124681
175515
365159
373124
237435
135814
259839
856685
707934
96870
429203
662741
855425
669073
989928
866252
156036
317088
211510
927009
969502
92603
455418
414125
134570
988011
556991
421898
323670
41898
944683
828592
197419
369167
792845
998594
623514
458413
534465
363338
250161
178261
54159
831633
211174
567832
143878
17392
173948
763233
788967
208456
93099
359319
617772
790720
717842
298232
168114
944095
572893
852246
315276
750800
952771
473369
858123
633388
333677
98815
103860
816835
520438
86557
858147
651205
539500
922558
284829
303639
365752
664922
616520
453634
212783
817320
520410
496326
318483
574901
15524
772872
24930
187016
896172
847085
979409
994097
582155
626378
122296
851862
392367
405844
900714
222681
589270
664178
234988
956797
364228
159064
755790
612385
802242
252072
844378
115211
222977
744831
279060
258213
640462
661222
791616
776660
541308
981467
545621
142643
3298
145295
379029
187139
616503
903627
992732
978290
312277
736461
507135
356947
212309
269838
689598
478505
678921
481183
661039
149696
45574
203655
651823
2968
932175
485487
856803
803654
376571
419578
661157
636108
100466
116048
616696
201991
342833
825175
46327
534932
131497
666239
31233
559709
58662
668411
941850
385978
843365
201071
935545
676080
75876
345947
19207
569896
472082
717349
814484
671762
592476
911239
774154
937662
449258
828007
818927
748071
641843
164654
95354
97201
731904
244538
972134
333256
211888
99833
787363
225900
508123
663000
304254
903694
830895
311249
194493
803599
289532
588601
195863
955618
429716
599220
508730
997577
321931
798462
290434
225845
262854
84121
101661
647114
197834
969737
586417
907278
697414
526359
145981
199978
932406
863307
988838
66821
882303
666617
357808
815019
307361
197857
853226
822946
711449
161890
717442
750055
962072
954462
827567
468001
291694
241770
213309
10391
276966
358335
21691
758555
48471
329662
533917
231543
90763
368746
121831
314122
61850
592505
965682
523001
122774
468771
265106
596271
937129
841496
131279
643631
111598
122761
980918
897995
2552
874537
957371
479043
12158
199266
349378
629973
699714
942804
35101
300727
871530
45678
834761
849354
51595
161474
67396
316072
141023
918942
159197
235011
496808
675377
906074
900927
931810
305095
985660
70694
756716
892833
604970
144222
482444
134552
554142
727141
737505
270459
240453
289399
4120
758624
78132
627440
234867
823774
502710
911481
797652
134247
213662
162853
686837
35223
205688
721213
724349
696445
288037
310858
932350
731695
101332
94616
405788
803466
267819
794802
499081
97555
377455
817750
166357
806360
1143
253544
600377
826951
827098
578311
879398
461009
682153
457886
349223
119122
768215
436114
206983
958038
364811
454931
792914
977339
166449
122798
641918
434517
772540
221459
146323
971556
918588
468125
210674
360317
265688
384000
222312
980562
992012
929544
889231
529421
316983
272231
737543
354054
440135
662715
662889
950332
840043
231460
613413
14784
387644
968066
979143
373799
876878
732017
290983
891894
633532
755428
971607
67881
598272
676173
98144
483817
882491
388025
375841
291501
833858
407765
969479
58176
790491
79680
323770
500804
399706
131435
209436
310291
606813
687865
139061
511920
940358
728065
310373
519509
747747
203033
656251
420935
227290
240221
507903
19029
528368
576038
50174
884527
752934
356555
45917
730933
992430
388992
214714
726510
613908
726234
639950
864579
636301
169605
758845
279376
314831
47531
715207
89043
680361
843259
991523
938050
11301
568271
770284
745448
323599
347301
426723
530959
867102
42900
257436
836730
439851
752060
917007
737042
794879
165906
946459
398594
904256
28233
333908
623954
4980
214674
379741
98179
732010
663777
429884
832697
481440
629393
778355
563363
864317
922753
826134
531362
437304
186066
425766
251262
154576
492564
138580
693374
96672
179064
784473
82725
321610
211434
778868
438315
746509
518977
433315
171331
511219
71704
206706
647179
445453
53371
108072
797570
628691
893851
541531
138607
989034
841159
265359
455501
543202
446809
111429
249531
408950
763982
640178
942735
990505
78605
565705
982657
220539
371239
562416
762244
375551
855711
664347
792918
101028
548407
485511
926904
600088
747772
590419
902166
856726
349778
284219
961558
802692
453105
442087
558486
668964
973323
846012
247929
152596
164586
749311
184605
991929
983453
342821
834506
689183
94894
554247
653174
942478
416838
720643
523303
706997
752430
911357
452592
452389
593577
394720
904022
502396
124775
943577
660166
489383
318389
361335
39868
480423
145595
145001
363968
699681
851630
546907
92267
328773
241983
246512
321330
370957
147674
209825
898427
514686
526784
186028
123242
123927
788363
199897
900253
790529
661726
625063
454979
696543
598283
886359
538132
806281
640345
681842
170792
951787
557705
993110
278639
965943
262629
67701
653005
751521
670242
720414
134110
510472
874847
204097
220351
981017
433618
10723
156254
939545
882470
623613
723712
876516
913996
788286
977081
917653
650780
981660
832186
990106
762851
359472
635291
692776
184644
37691
699116
239258
871306
226066
633940
364141
725109
936873
356963
76387
795326
627920
516169
359343
68644
45932
505911
858675
544200
671376
978614
397005
382958
297519
807832
521569
967719
280702
98320
718984
79044
593997
674195
866233
876592
551992
747438
397211
135370
27122
265428
285716
74876
753421
940862
392217
876761
926072
24516
174868
61418
498837
48375
191320
413640
338472
789734
214695
478352
32649
862632
97645
687081
961910
661722
704033
20686
171620
822813
592884
444175
793418
302214
453222
534925
811191
64451
954930
140113
969344
505510
137345
634193
807772
21212
212012
889349
334638
743463
506953
171764
143566
495913
295856
110803
439835
961371
416155
801089
884129
725822
315487
918065
517355
622857
761080
60478
257049
874807
10782
411526
628083
179231
974363
893204
586954
927926
641282
179643
458466
63592
134214
796101
835615
801970
684711
273221
284034
610179
845052
813145
207660
208418
168214
889090
258674
132396
938359
288682
282885
364054
34642
426554
419948
822757
927823
500455
146959
762222
300888
988933
311858
362368
545596
905503
193469
321164
287370
447398
124671
215136
978420
333640
889935
20252
755291
134854
249127
481764
779156
180392
893387
414868
678955
228151
904075
547246
336366
211115
167300
457586
790030
817331
540389
996300
30263
387912
109049
913396
64509
242369
254436
524129
199454
216194
211350
317568
808656
381917
770217
829279
296875
249009
731606
806574
460690
269516
775908
527115
537132
883277
234105
3511
267428
188978
977400
236429
539409
553413
760196
44917
47256
925366
97730
475814
237319
145446
317850
527904
910355
121388
93119
372887
522669
931565
377858
813527
326971
800141
752908
5900
601881
263896
492742
459216
500933
754943
942824
54587
865368
210167
883278
997414
747836
730621
725983
866483
389893
829227
406692
97538
188019
745813
932567
351734
600850
180394
145730
47950
722999
849925
213993
248032
376014
473159
201067
420727
594328
471880
474881
390045
525858
619908
940864
577543
817912
242242
282958
788833
324380
165409
655311
485208
416266
556275
423286
436068
832945
74847
683302
209245
420141
448096
71602
39269
426791
588735
819796
129242
125592
761163
181396
583852
862384
675872
541952
804173
261699
638478
272706
738977
351432
695576
368622
528060
240493
710008
681454
705056
749175
247451
358773
849272
110281
605056
24594
184586
575212
169198
190107
928128
572635
783359
173462
607101
940970
402926
820541
270556
455221
658577
20970
77466
189230
547070
127146
164452
147854
342764
448383
913780
284005
11849
471663
939042
462308
671895
770214
579952
541403
560894
496938
129313
53364
801055
459961
124486
61979
240031
203950
795517
783414
462507
542519
514483
915586
53510
53943
227562
460088
932734
226337
199509
962942
762708
986142
552206
611917
363919
964706
770964
449026
625136
80852
585589
657880
968997
787398
348744
767188
829894
728326
541866
455720
930618
270274
572186
313481
2784
572997
472529
665448
235778
131236
812813
304853
42263
63420
69630
729079
503000
101998
699636
97095
234934
170549
816675
325277
444425
655845
903436
549280
200886
524027
218100
44565
66659
349067
883548
160703
379031
638304
621044
611037
615488
727367
527962
357631
39790
253402
43614
306547
250890
402065
316167
772472
633443
184504
294180
796296
606848
575930
933438
75391
579571
7509
164299
799813
426470
858662
725001
136278
925234
238313
704422
255511
533135
61389
860838
74846
942714
219869
811493
735046
566972
573247
298440
300943
286458
426882
342829
76172
7896
236934
709640
150563
234997
75198
885156
130255
71294
19574
930321
465501
431263
766667
988947
854202
586512
911775
250994
280357
916702
659107
860250
784307
200652
975084
527108
130850
387652
224802
875687
608766
901688
754714
355310
986300
667685
494113
423681
616652
248047
348949
576232
830075
690660
892406
75106
714244
963270
383571
987518
545124
481304
85724
178317
32113
523687
166427
425740
543765
666830
907701
454981
3918
186305
968804
960951
703916
525795
597335
346506
711151
226111
482062
709964
423200
156721
238950
772051
975899
946491
299997
576938
64694
126387
477240
884925
576104
506943
840818
225463
58342
734484
741711
350990
609062
733464
427621
863000
534818
800014
42941
590262
560573
942492
864285
166747
337034
190133
310940
354791
116654
429881
501864
567338
62329
347682
533496
700467
778902
646676
8731
879681
496207
507731
209573
412547
61888
58814
179964
117779
20109
877016
575400
514955
379435
166994
240639
746495
836345
982566
542208
642792
273155
819940
706577
14937
729000
933977
477965
23687
85603
208688
603394
196331
893499
459353
158965
756097
488196
855395
195289
430389
232219
110267
957053
24460
258661
585300
315767
898809
529158
947552
395575
50930
403369
249257
341558
508456
699156
461405
846188
867945
25698
800486
625147
82976
365960
411442
366977
809958
529744
412293
904376
832080
878175
593724
525377
730475
138659
971952
487309
241338
464339
461684
787250
821321
753054
344352
930997
790388
218601
152194
377236
743966
873436
581307
63649
756109
992551
56039
319545
586339
610150
851776
69476
427006
768035
279719
11091
750621
503621
705304
247018
685035
234822
77221
917123
203173
309439
716314
606809
233787
187623
368837
93728
398275
741781
39715
887713
998705
299227
224812
913045
625846
504565
894760
954949
654105
236556
627169
675131
615136
712117
553778
659294
642053
480446
300723
6921
167273
208721
179117
463940
616953
454314
364951
191748
774252
131458
53803
309816
61811
997180
661932
311172
944033
729580
734022
554196
226242
88503
547078
961894
878430
825061
835050
218642
77421
984325
483411
545506
298046
185140
76868
144326
525222
504449
400033
241638
422848
346764
534552
94854
412899
169388
625257
380792
258131
758205
14985
886890
580891
474221
166797
496248
190717
983450
567565
492207
159621
828961
26330
183523
375379
636599
24047
109312
253653
709525
966517
783644
369857
443943
524434
358244
230635
587699
937247
427828
247237
308943
790754
635760
864090
455409
304407
486446
314366
869956
549900
570727
133676
381808
779211
385509
223265
800222
648560
194955
343394
192524
431531
440062
687693
402814
899740
105605
861164
105364
814689
829480
634185
662531
887501
698321
704176
878166
128477
785753
213610
844137
323286
191358
25167
45272
606647
341211
743112
917014
6364
17524
393791
964525
79790
179497
548107
830794
205768
666875
666828
483636
626889
105295
735440
865277
898426
482587
860509
19773
423593
762703
639154
157908
48593
799379
238094
906222
997348
40495
104673
712265
283743
975188
285595
941442
935050
750379
689939
401904
790429
171087
736342
918193
819324
293018
607805
152644
149319
278841
199639
800332
924373
15803
77994
972375
897373
191412
696665
905161
878030
991850
829044
166402
233833
936167
221575
831438
302353
25829
142018
916246
144390
165867
723353
818799
640513
423097
169376
963329
872058
394000
518105
676896
930563
166289
642335
901161
338048
452546
276089
266133
