217
271
534
784
1589
2074
2315
2392
2996
3031
3225
3329
3399
4094
4256
4620
5316
5449
5482
6122
6190
6578
6850
7201
7254
7258
7828
8268
8306
8505
8774
8965
9659
9980
10398
10433
11253
11727
11728
11881
12032
12160
12424
12629
12690
12929
12950
13217
13801
13911
14146
14174
14306
14360
14753
14940
15132
15137
15142
15152
15388
15430
15798
16084
16288
16384
17043
17539
17612
17879
17932
17990
18090
18240
18305
18776
18786
18893
19547
19922
19928
19964
20087
20142
20236
20276
20455
20593
20792
21034
21147
21505
21896
21978
22063
22400
22482
22529
22732
22992
23016
23117
23205
23274
23524
23599
23786
23903
23971
24076
24110
24112
24257
24479
24561
25413
25458
25756
25947
26904
26935
26955
27319
27448
27644
28214
28348
28374
28607
29175
29176
29480
30118
30170
30261
30288
30446
30533
30730
30781
30951
31014
31047
31248
31285
31363
31628
31730
31840
31925
32061
32245
32257
32359
32486
32488
32493
32771
32820
33075
33232
33243
33291
33445
33592
33738
33924
34135
34171
34558
34655
34814
34852
35402
35477
36034
36127
36519
36693
36742
36834
36977
37122
37189
37198
37444
37608
37689
37863
37867
38269
38550
38599
39000
39114
40042
40264
40357
40366
40560
41073
41262
41368
41797
41853
41998
42115
42401
42495
43006
44191
44297
44491
44577
44927
44930
45055
45151
45274
45351
45734
45879
45905
45941
46064
46245
46248
46263
46496
47578
47627
47679
47872
47925
47979
48031
48139
48376
48706
48788
48872
48948
49223
49420
49969
50355
50428
50572
50649
50788
51214
51422
51429
51534
51731
51919
52120
52205
52461
52627
52750
52866
53494
53706
53731
53877
53905
54072
54134
54553
54621
54705
55060
55247
55287
55697
55725
56281
56587
56590
56884
56975
57096
57276
57590
57901
58178
58900
59411
59485
59547
59983
60210
60220
60374
60414
60440
60443
60612
60797
60859
60991
61103
61169
61813
61867
62117
62119
62175
62245
62294
62295
62398
62695
62748
62782
62983
63381
63443
63547
63642
63968
64433
64552
64564
64663
65342
65370
65535
65921
65954
65985
66162
66265
66301
66643
66769
67397
67411
68414
68484
68524
68797
69372
69583
69890
69911
70131
70331
71064
71256
71451
71550
71639
71827
71956
72103
72263
72328
72382
72568
72726
73027
73087
73207
73258
73592
73715
73820
73985
74033
74242
74752
75267
75932
76191
76268
76573
77327
77528
77740
77863
78187
78187
78291
78302
78680
78850
78917
79201
79317
79580
79819
79891
80064
80095
80224
80842
81464
81653
81749
81840
81889
81907
81983
82224
82583
83213
83582
83738
84103
84167
84281
85344
85495
85910
86323
86505
86988
87271
87379
87521
88064
88286
88371
88445
88659
88707
89005
89065
89072
89510
89543
89543
89840
89917
89979
90186
90407
90675
90694
90782
90963
92030
92346
92363
92522
92683
93800
93805
93815
93909
93954
94296
94411
94586
94636
95013
95054
95083
95788
95804
96089
96395
96486
96507
96597
96801
96850
97239
97325
97443
97836
98069
98137
98334
98387
98919
99187
100342
100456
100552
100631
100690
100851
100900
101099
101105
101441
101642
101649
101879
101885
102005
102222
102920
103012
103704
103817
104495
104799
105159
105830
106115
106332
106499
106870
106882
106989
107400
108143
108232
108254
108429
108497
109148
109321
109551
109679
109868
110201
110281
110460
110530
110891
111003
111110
111594
111808
111868
112282
112318
112679
112752
113054
113093
113284
113483
113545
113691
114032
114079
114084
114727
115194
115364
115571
115794
116117
116573
116597
116617
116627
117254
117403
117620
117859
117875
118031
118113
118294
118725
118759
119412
120341
120345
120377
120574
120600
121037
121070
121277
121384
121499
121838
121873
121990
122098
122343
122702
122743
122953
123050
123087
123588
124038
124366
124373
124428
125064
125429
125507
125623
125678
125731
125861
125919
126044
126103
126141
126271
126463
126748
126796
126892
126986
127046
127276
127355
127625
127934
127967
128171
128189
128219
128270
128307
128873
129361
129523
129841
130382
130399
130423
130711
130734
131150
131212
131525
131588
131793
131841
131955
132746
132883
132945
133061
133134
133190
133398
133762
134055
134316
134768
135028
135171
135876
135917
135954
136147
136180
137031
137580
138043
138143
138199
138270
138463
138582
138633
139195
139363
139581
140033
140114
140593
141385
141472
141590
141648
141776
142096
142626
143046
143155
143307
143359
144031
144049
144347
144394
144407
144969
145210
145551
145908
146234
146262
146284
146305
147374
147451
147474
147607
147692
147984
148036
148157
148920
148975
149482
149645
149757
149946
150138
150553
150581
151046
151139
151161
151307
151804
152000
152068
152079
152451
153037
153040
153058
153085
153572
153666
153871
154438
154455
154490
154597
154629
154893
155308
155755
155771
155927
155980
156092
156361
156650
156836
156951
156953
157341
157541
157576
158120
158567
158635
159103
159272
159452
159920
161046
161708
161742
161926
162466
162599
162924
162996
163152
163440
163803
164214
164262
164342
164898
164930
165211
165217
165434
166338
166853
166877
167111
167239
167326
167427
167536
167766
167802
167858
168234
168256
168442
168573
168623
168807
168872
168979
169243
169465
169471
169542
169565
171029
171139
171392
171512
171521
171665
171687
171798
171963
172544
172779
172864
172894
173379
173444
173635
173750
173919
174001
174192
174253
174554
174592
174610
174734
174916
174949
174960
174994
175184
175390
175444
175715
175739
175772
176039
176349
176608
176619
176730
176861
177119
177266
177406
177422
177774
177832
178147
178341
178387
178953
179201
179284
180311
180564
180573
180573
180818
180822
180837
181084
181220
181283
181900
182298
182298
182589
182618
182794
183008
183052
183259
183377
183682
184016
184350
184772
184797
185776
185876
186078
186352
186815
186950
186984
187551
187707
187776
187795
188061
188283
188407
188540
188540
188800
189535
189715
189806
189857
189934
190276
190303
190467
190486
190716
190772
191557
191693
191863
191912
191962
192104
192587
192808
192975
193667
193768
194053
194217
194275
194310
194397
194423
194494
194582
195037
195039
195079
195093
195280
195586
195789
195989
196092
196108
196243
196801
197115
197183
197277
197394
197698
197713
198062
198439
198601
198947
199067
199142
199347
199756
200188
200286
200340
200676
200903
201071
201259
201381
201823
202134
202180
202210
202620
202943
203250
203286
203370
203905
204128
204433
204952
205369
205483
205517
205631
205828
205898
206006
206329
206387
206413
206579
206840
207225
207515
207569
207584
207781
207956
207990
208374
208770
209286
209300
209317
209462
209537
209590
209920
210051
210064
210344
210407
210460
210648
210667
210760
210969
210984
211099
211135
211168
211262
211407
211523
211597
211776
211898
211946
212482
212676
212735
212782
212797
213243
213702
213809
214036
214355
214610
214717
214763
215013
215212
215236
215251
215305
215429
215770
216149
216203
216401
216580
216810
216885
216986
217087
217323
218139
218305
218377
218720
218791
218806
218940
219246
219257
219743
219948
220308
220415
220528
220756
221389
221889
221950
222186
222508
222524
222628
222860
222962
223133
223182
223304
223339
223532
224124
224870
224890
225011
225045
225260
225275
225599
225839
226199
226340
226664
226742
226825
226970
227018
227588
227608
227684
227697
227750
227820
228146
228199
228351
229068
229218
229328
229331
229349
229706
229882
230130
230517
230673
230706
230977
231063
231615
231904
231923
231951
232240
232302
232687
232884
233134
233270
233325
233567
233576
233702
233834
233915
234047
234219
234904
234939
235101
235678
235769
236462
236867
237006
237018
237403
237799
238006
238258
238441
238648
238964
239017
239113
239428
239677
239821
239987
240148
240987
241008
241124
241173
241780
242376
242485
242488
243361
243668
243823
243961
244182
244745
244856
245379
245691
245813
246131
246247
246600
246735
246971
246983
247043
247087
247155
247746
247761
247879
247926
247990
248029
248140
248465
248560
249240
249328
249412
249686
249800
250249
250260
250627
250747
250878
250884
251378
251638
251654
251704
251848
251981
252239
252269
252299
252629
252653
252732
252786
253003
253700
253842
253961
254299
254359
254462
254851
254930
255202
255233
255612
255685
255791
255963
256190
256363
256485
256526
256685
256790
256965
257193
257544
257566
257699
257722
257733
257890
257932
258516
258734
259183
260047
260099
260172
260310
260475
260560
260894
261148
261265
261374
261425
261725
261796
261855
262124
262146
262221
262267
262466
262715
263036
263131
263208
263363
263531
264398
264415
265337
265388
265614
265903
266218
266272
266473
266649
266759
267063
267558
268001
268111
268329
268369
268488
269211
269247
269284
269450
269706
269946
270261
270291
270562
270608
270853
271888
271989
272062
272085
272291
272415
273086
273159
273176
273571
273853
274127
274266
274431
274516
274648
274802
274869
275153
275230
275474
275497
275673
275865
276068
276127
276759
276791
277050
277051
277116
277234
277386
277386
277622
277776
277845
278983
280099
280219
280437
280443
281086
281304
281373
281737
281901
281965
282394
282764
282865
282874
282902
282945
283036
283038
283065
283501
283974
284162
284235
284364
284846
284869
284873
284886
284887
285022
285023
285049
285616
285769
285899
285914
286074
286102
286244
286461
286897
287090
287506
288378
288513
288747
288786
288813
288865
288893
288911
289203
289571
289666
289709
289801
289902
289912
289991
290073
290205
290423
290612
290713
290722
290988
291237
291395
291545
291904
291956
292072
292099
292164
292553
292626
292633
293140
293736
294145
294421
294831
294952
295151
295185
295216
295349
295433
295529
295563
295589
295620
295766
295906
296159
296190
296252
296486
297036
297340
297843
297910
298178
298209
298463
298485
298532
298670
298739
298806
299455
299550
299893
299931
300515
300935
300990
301005
301048
301109
301179
301214
301221
301347
301548
301843
301988
302020
302045
302096
302187
302776
302884
302935
303096
303126
303135
303229
303304
303723
303744
303784
303829
303836
304199
304289
304924
305111
305247
305488
305514
305592
305841
305956
306283
306746
306940
307111
307903
308127
308186
308229
308480
308757
308776
309208
309367
309383
309688
309888
309968
310640
311039
311412
311462
311463
311531
311850
311946
312098
312165
312233
312380
312415
312687
312842
313028
313064
313182
313229
313374
313924
314126
314168
314407
314517
314534
314641
315175
315510
315628
315780
315875
315915
315987
316337
316724
316823
316863
316892
317006
317062
317188
317706
317785
318135
318203
318254
318521
318547
318669
319151
319420
319462
319773
320073
320262
320487
320631
320729
321008
321572
321721
321741
321924
321948
322013
322365
322545
322687
323482
323572
323696
323893
323895
323904
323917
324115
324471
324742
324892
324954
325237
325480
325523
325587
325653
325782
325826
325938
326078
326093
326230
326240
326534
326949
327118
327185
327608
328014
328110
328189
328591
328695
328742
328761
328819
328931
329040
329182
329481
329498
329685
329723
330317
330460
330700
330787
330887
332222
332227
332321
332495
332498
332565
332569
332699
332837
332961
333078
333083
333154
333204
333530
333538
333908
334076
334087
334384
334667
334894
334904
334986
336037
336046
336156
336409
336764
336963
336987
337290
337460
337519
337757
337847
337936
338008
338137
338449
338489
338530
338534
338706
338784
338984
339020
339299
339442
339846
340064
340505
340548
340722
340852
341497
341654
341897
341900
341930
341966
342344
343222
343246
343666
344244
344462
344776
345231
345397
345407
345670
345696
345865
345916
346416
346587
346680
347103
347761
347825
347894
348067
348353
348618
348654
348797
349127
349178
349370
350108
350440
350784
350798
351128
351226
351254
351256
351445
352388
352552
352637
353082
353157
353394
353425
354220
354377
354532
354649
354787
355418
355860
355898
356323
356354
356887
357197
357336
357574
357709
358091
358317
358354
358794
358919
358931
359032
359116
359290
360212
360504
361057
361284
361494
362397
362549
362556
363239
363256
363496
363514
363632
363819
364045
364172
364189
364228
364239
364668
364983
364995
365555
365566
366021
366039
366044
366334
366398
366432
366447
366571
366604
366636
366681
367040
367596
367986
368140
368849
368911
369095
369129
370496
370530
370613
370673
371001
371015
371046
371133
371261
371551
371557
371591
371700
372014
372161
372256
372552
372776
372779
373380
373525
373705
373714
373838
374123
374433
374435
374546
374842
374850
375297
375366
375563
375675
375739
375951
376231
376258
376260
376303
376558
376601
376812
377174
377176
377289
377306
377490
377523
377701
377769
377941
378245
379549
379557
379570
379937
379955
380646
380702
380819
381065
381107
381123
381276
381318
381387
381397
381496
381642
381902
382009
382023
382070
382433
382582
382852
383160
383457
383483
383766
383977
384075
384452
384539
384600
384744
384824
385221
385404
385523
385601
385688
385956
386235
387109
387231
387251
387391
387481
387736
387925
388082
388382
388746
388813
389214
389282
389302
389345
389382
389737
389822
389854
390333
390775
390964
391275
391397
391422
391456
391697
392097
392187
392423
392888
393108
393232
393451
393741
393769
394289
394370
394564
394652
394732
394819
395163
395498
395855
395945
396232
396592
396607
397138
397591
397669
398011
398075
398118
398337
398758
398839
398915
398969
399458
399695
400183
400425
400441
400445
400523
400674
400967
401022
401190
401361
401384
401619
402099
402306
402376
402545
402664
402709
403229
403369
403477
404022
404187
404308
404342
404523
404551
404678
404927
404965
405049
405498
405729
405791
405821
406025
406508
406586
406740
406851
407052
407165
407206
407487
408007
408048
408588
408836
408911
410130
410218
410566
410663
411624
411872
411994
412018
412088
412313
412699
412743
412767
413047
413080
413115
413387
413423
413704
414011
414451
414466
414811
414891
414897
415277
415465
415528
415695
415700
415908
415956
416069
416243
416245
416768
416789
417470
417592
417687
417792
417954
418507
418553
418619
418625
419090
420097
420113
420619
421009
421019
421233
421248
421344
421355
421479
421708
421890
422103
422203
422686
423160
423318
424185
424208
424250
424311
424716
425603
425699
425862
426057
426098
426113
426595
426662
427288
427460
427729
427750
427921
428105
428131
428382
428966
429267
429376
429404
429450
429515
429574
429788
430048
430608
430866
431302
431306
431331
431565
432130
432191
432296
432561
432740
433111
433220
433870
435202
435287
435708
435771
435941
436237
436349
436566
436684
436759
436859
436945
437099
437226
437318
437439
437617
437772
437920
438316
438344
438611
438664
438775
438939
439430
440036
440414
440461
440533
440534
440601
440681
440848
440858
440900
440905
441279
441291
441463
441721
442033
442098
442334
442335
442668
442681
442724
442777
442899
443020
443115
443625
443784
443964
444107
444461
444474
444666
444791
444823
445027
445490
445557
445715
445756
445784
445991
446025
446259
446417
446565
446616
446789
447294
447767
447923
448297
448437
448509
448546
448572
448588
449017
449033
449464
449596
449635
450629
450725
450987
451009
451049
451285
451483
451609
452206
452642
452671
452788
452898
452956
452973
452978
452995
453037
453865
454074
454085
454192
454582
454690
454814
454838
455203
455835
456122
456162
456173
456358
456423
456686
456696
456746
456899
456965
456983
456996
457049
457057
457217
457276
457367
457407
457634
457719
457910
458122
458296
458423
458792
459041
459457
459465
459523
459652
459720
459738
459817
459905
459950
460880
461041
461177
461360
461445
461492
461530
461837
461943
461991
462328
462338
462449
462486
462556
463003
463017
463057
463276
463709
463732
463922
464070
464097
464339
464351
464467
464470
464649
464703
465081
465473
465732
465797
466191
466629
466645
466794
467581
467731
468128
468390
468441
468734
468939
469074
469547
469853
470160
470776
470780
471238
471902
472102
472115
472181
472795
472982
473019
473023
473377
473389
473660
473924
474216
474760
474991
475925
475933
476071
476187
476685
476731
477048
477279
477342
477494
477508
477866
477879
477910
477969
478288
478297
478850
479113
479573
479645
479657
481130
481980
482010
482114
482510
483047
483165
483413
483540
483634
483914
483942
484118
485016
485680
485697
485943
486245
486302
486330
486373
486571
486601
487375
487799
488084
488152
488394
488529
489422
489973
490376
490480
490600
490612
490799
490870
491100
491208
491360
491619
491659
491751
491828
491993
492225
492390
492665
492731
492794
493040
493445
493464
493785
494260
494588
494647
494690
494895
495123
495522
495627
495998
496137
496838
496854
497051
497066
497372
497571
497644
498047
498134
498253
498364
498403
498497
499176
500076
500256
500530
500982
501131
501374
501586
501692
501706
501750
502149
502179
502288
502467
502596
502607
502689
502717
502797
502865
502889
502925
502980
503255
503282
503597
503645
503857
503888
503901
503941
503949
504142
504180
504733
504748
504933
505574
505601
505672
505745
505839
506436
506568
506695
506773
506775
506873
506886
507021
507229
507270
507375
507419
507474
507491
507605
507615
507891
508300
508413
508458
508526
508554
508616
508882
508954
508981
509163
509317
509757
510150
510262
510335
510531
510557
510597
510821
510826
510910
511351
511389
511608
511852
512106
512122
512150
512458
512645
512673
512676
513007
513249
513259
513877
513910
514646
514652
514817
514895
514934
515132
515226
515354
515525
515667
515861
516008
516275
516357
516377
516414
516776
517211
517219
517911
518077
518186
518313
518328
518657
519319
519354
519370
519583
519731
519752
519810
519936
520265
520611
520697
521099
521222
521264
521769
521790
521893
522040
522304
522783
523032
523101
523610
523857
523895
523945
523969
524054
524361
524720
525047
525115
525116
525143
525385
525576
525807
526079
526260
526679
526777
527174
527828
527847
527956
527973
528181
528212
528577
528591
528679
528800
529216
529246
529813
530142
530354
530442
530639
530801
530947
531026
531175
531433
531468
531745
531819
531889
532034
532053
532354
533200
533274
533617
533714
533767
534248
534399
534534
534591
534599
535024
535377
535643
535811
535903
536272
536860
536911
536963
537269
537449
537569
537983
538166
538443
538495
538710
538710
538831
538833
538947
539217
539696
540134
540231
540575
540906
540908
541086
541115
541183
541378
541434
541563
541789
541889
542139
542429
542489
542543
542849
542948
543107
543430
543581
543589
543852
544351
544541
544578
544655
544703
544816
544996
545503
545962
546028
546443
546531
546725
546727
546758
546784
546845
547900
548080
548348
548364
548436
548461
548821
548940
548994
549019
549393
549485
549598
550398
550605
550909
551086
551106
551165
551250
551938
552061
552076
552321
552487
552513
552555
552556
552654
552849
553263
553434
553520
553657
554377
554554
554602
554643
555000
555329
555383
555463
555465
555471
555541
555666
556282
556708
556718
556803
557047
557194
557699
557720
557954
558563
558829
559215
559345
560526
560643
560771
560822
560913
560968
560969
561111
561208
561458
561558
562251
562370
562702
562762
562860
562987
563333
563654
563823
564179
564390
564455
564881
565108
565231
565606
565749
566018
566048
566086
566217
566477
566547
566889
566928
567102
567288
567461
567570
567580
568390
568793
569125
569127
569139
569302
569318
569357
569485
569713
569968
570078
570098
570202
570334
570378
570671
570722
570932
571044
571080
571082
571127
571250
571281
571387
571406
571499
571547
571786
571831
572094
572396
572875
572907
573136
573363
573375
573666
574117
574119
574353
574428
574469
574882
574923
575307
575329
575532
575720
575752
575858
575974
576003
576398
576434
576606
576699
576792
576813
576866
577225
577651
577664
577849
577935
578076
578181
578221
578238
578324
578453
578500
578603
578633
579020
579463
579607
580187
580231
580599
580884
580891
580959
581175
581540
581689
581780
581797
581850
581943
582137
582323
582542
582923
582969
583129
583617
583645
583857
583905
583954
584310
584485
584698
584804
584946
585112
585211
585239
585494
585585
585798
585894
586268
586505
586765
587079
587127
587447
588138
588370
588550
588580
588645
588756
588875
589564
589837
589849
589879
590072
590123
590223
590227
590834
590929
591155
591380
591428
591490
591539
591709
592321
592806
592930
593051
593304
593529
593683
593688
593940
593971
594102
594123
594457
594604
594796
594874
595070
595141
595186
595301
595722
595981
596076
596169
596350
596485
596826
596837
596876
596937
597079
597377
597794
597943
598159
598321
598622
598647
599077
599552
599629
600128
600131
600555
600789
600815
601226
601293
601369
601520
601530
601595
601680
602071
602393
602701
602856
603009
603073
603122
603278
603299
603327
603363
603610
603781
603876
603966
604286
604653
604692
604892
605043
605181
605197
605318
605404
605655
606085
606281
606460
606639
606749
606824
607074
607182
607218
607301
607396
607582
607740
607920
608265
608275
608422
608640
608980
609164
609259
609311
609371
609454
609741
609847
609912
609947
610258
610330
610589
610757
611019
611069
611137
611250
611310
611584
611642
611828
611883
611889
611967
612090
612270
612335
612538
612543
612551
612817
612991
613016
613058
613134
613260
613372
613915
614185
614193
614468
614489
614762
614830
615345
615739
615996
616236
616472
616642
616890
617245
617335
617357
617380
617556
617719
617828
617981
618081
618103
618364
618391
618554
618634
619047
619152
619991
620168
620537
620853
621230
621501
621619
621621
621863
621933
622102
622247
622370
622442
622634
622677
622739
622951
623022
623164
623516
623771
624015
624237
624289
624344
625077
625128
625241
625721
627565
627873
627885
628182
628196
628268
628377
628436
628614
628745
628780
629037
629078
629135
629234
629236
629315
629325
629453
629988
630118
630485
630496
630980
631701
631815
631942
632316
632563
632673
632946
633025
633214
633465
633657
633680
634105
634687
634944
634976
635365
635465
635880
635974
636058
636087
636209
636252
636605
636810
636858
636918
638047
638170
638255
638355
638375
638452
638553
638621
639029
639030
639240
639346
639384
639482
639589
639698
640145
640357
640382
640413
640555
640802
640911
641012
641303
641341
641389
641782
641881
642009
642261
642771
642812
643202
643257
643273
643439
643606
643727
643954
644319
644682
644819
645014
645255
645407
645429
645548
645638
645758
646045
646251
646484
646808
647010
647531
647754
647771
648040
648140
648210
648890
649639
649822
650028
650186
650335
650793
651274
651414
651501
651750
652071
652090
652371
652501
652611
652656
652808
653234
653395
653695
653715
653728
654237
654275
654383
654567
654766
654788
654889
655054
655058
655190
655202
655266
655391
655825
655832
656893
657039
657055
657066
657288
657364
657492
657715
657762
657838
657873
657949
658079
658099
658406
658680
658804
659085
659142
659150
659159
659447
659584
659968
660059
660358
660844
660921
660999
661276
661337
661423
661439
661477
661594
661596
661609
661758
662307
662650
662713
662756
663227
663256
663440
663900
664138
664262
664508
664733
664994
665003
665402
665448
665927
666219
667041
667057
667425
667461
667656
668030
668036
669022
669176
669467
669545
669587
669865
670390
670460
670715
671252
671416
671478
671508
671616
671705
671991
672058
672207
672412
672858
672882
673277
673397
673457
673606
673609
673639
673800
674147
674322
674652
674967
675135
675627
675640
675667
675774
675870
675870
675989
676300
676317
676512
676784
676835
677692
677816
677860
678252
678263
678275
678322
678586
678712
678795
678927
679012
679085
679101
679126
679254
679557
679599
680931
680992
681143
681576
681610
681959
682093
682150
682526
682670
682702
683395
684088
684475
684544
685231
685274
685386
685466
685842
685871
686265
686354
686618
687889
687919
687924
689079
689258
689259
689457
689521
689575
689818
690164
690277
690278
690364
690638
690760
690797
690907
690939
691132
691600
692915
693162
693162
693389
693484
693538
693663
693744
693747
693972
694242
694259
694302
694442
694463
694464
695015
695028
695036
695195
695253
695599
695714
695867
695945
696050
696265
696296
696568
696716
696822
696909
697099
697107
697267
697385
697758
697764
697784
697913
698096
698362
698495
698538
698693
699059
699687
699690
699884
699937
700301
700483
700611
700696
701246
701413
701800
702047
702292
702373
702480
702586
702927
703124
703197
703501
703521
703698
703833
703925
704237
705187
705297
705525
705534
705636
706190
706310
706313
706669
706850
707037
707520
707804
707916
707959
708092
708126
708194
708748
709041
709084
709435
709656
710030
710033
710080
710326
710492
710502
710524
710577
711261
711337
711493
711545
711621
711635
712207
712452
712708
712739
713039
713135
713194
713536
713679
713998
714555
715177
715218
715405
715717
715972
716066
716131
716271
716360
716491
716681
716930
717735
717896
717979
718015
718099
718479
718751
719157
719171
719300
719571
719631
719841
720019
720196
720332
720446
720447
720511
720653
720856
720900
720919
721340
721440
721660
722148
722287
722309
722778
722815
723007
723183
723594
723628
724279
724385
724590
724654
724961
724974
724982
725175
726405
726454
726989
727232
727364
727390
727507
727799
727808
727815
728293
728387
728460
728651
728779
728881
729101
729147
729163
729289
729514
729583
729849
729958
730063
730244
730306
730717
730724
730813
730949
731091
731291
731463
731487
731583
731636
731734
731806
732026
732318
732358
732573
732704
732773
733247
733307
733550
733615
734415
734521
734832
734871
734931
734976
735281
735314
735742
735960
736028
736112
736723
737088
737243
737317
737573
737675
738361
738365
738488
739143
739188
739289
739387
739560
739798
739821
740144
740241
740765
740890
740972
741219
741392
741538
741713
741770
741795
741893
742041
742435
742542
742617
742778
742835
742919
742958
743109
743208
743398
743657
743756
743794
743961
744058
744321
744398
744752
744848
744861
744947
745022
745260
745378
745820
745823
745877
745987
746117
746118
746418
746604
746806
747078
747099
747488
747912
748036
748131
748459
748752
748999
749397
749668
749674
749746
749825
749828
749987
750047
750403
750457
750593
750759
750782
750806
751058
751161
751244
751273
751402
751708
752019
752504
752540
752747
752909
753144
753186
753356
753632
753802
753937
754528
754678
754788
754868
755188
755347
755576
755669
756120
756188
756295
756303
756374
756546
756586
756605
756733
757024
757154
757365
757435
757449
757735
757964
758253
758519
759064
759713
759832
760037
760126
760252
760516
760564
760570
760621
760713
760834
762375
762542
762674
762753
762820
763372
763743
763974
764043
764060
764184
764691
764737
764746
764990
765550
765568
765762
765836
766052
766114
766123
766213
766289
766449
766463
766676
766747
766787
766795
766833
767091
767487
767981
768065
768130
768383
768629
768701
769327
769363
769418
769581
769658
769820
769880
770032
770156
770204
770382
770554
770582
770881
770902
770905
770994
771207
771358
771389
771468
771549
771596
772089
772106
772474
772496
772712
772729
772753
772772
773037
773668
773671
773950
774341
774473
774611
774618
774760
775014
776044
776068
776306
776324
776584
776888
776968
777404
777414
777430
777826
778057
778261
778688
778871
779076
779658
779835
780283
780511
780887
781276
781449
781469
781621
781856
782087
782484
782667
782722
782768
783369
783450
783548
783754
784284
784315
784619
785125
785277
785648
786086
786282
786449
786614
786675
787083
787114
787208
787304
787882
787911
788154
788556
788881
789143
789290
789365
789494
789596
789597
789636
789795
790035
790130
790263
790629
790831
791126
791664
791734
791834
791918
792066
792127
792286
792512
792647
792765
793163
793293
793409
793518
793554
793682
793729
794302
794739
794801
794870
795907
796174
796505
796575
796583
796635
796779
796915
797466
797858
798162
798786
798918
799160
799275
799598
800150
800681
800892
801015
801268
801395
801444
801869
802003
802512
802527
802621
802621
803526
803860
803943
803976
804215
804252
804253
804280
804413
804971
805235
805455
805530
805674
805834
805930
806718
806778
806792
806919
806928
806946
807177
807194
807395
807672
807866
808021
808222
808296
808632
808772
808933
809346
809830
810035
810365
810420
810773
810873
811224
811430
811466
811533
811561
811645
811673
811886
811938
812664
813203
813373
813400
813611
813872
813946
814031
814162
814286
814352
814428
814891
815255
815265
815282
815413
815630
816370
816562
816978
817263
817275
817560
817794
817837
817891
818196
818393
818576
818596
818737
818827
819522
819673
819690
820172
820246
820395
820450
820458
820849
821026
821457
821594
821624
821683
821712
821810
822418
822590
822652
823256
824021
824092
824134
824469
824479
824677
824762
824783
824875
825055
825272
825274
825855
826066
826400
826681
826710
826852
827046
827162
827360
827462
827592
827894
828028
828261
828407
828702
828758
830042
830131
830143
830173
830232
830294
830495
830614
830715
830844
830867
831082
831114
831434
831576
831839
831911
832450
832805
832860
833018
833561
833563
833729
833816
834099
834102
834639
834659
834876
835002
835070
835299
835378
835425
835526
835832
836195
836364
836738
836807
837410
837623
837807
837852
837910
838207
838248
839470
839489
839765
839824
839971
840097
840511
840654
840736
840911
841189
841253
841495
841607
841754
841915
842171
842504
842594
842661
842874
842917
843266
843305
843726
843749
844156
844435
844492
844825
845253
845269
845368
845608
845695
845735
845769
845834
846191
846364
846442
846547
846963
847152
847256
847530
847746
847900
847956
848040
848094
849539
849793
849939
850048
850067
850107
850850
851581
851621
851623
851724
851768
852239
852251
852650
852686
852689
852823
852897
853061
853128
853460
854181
854564
854749
855081
855560
855793
855844
856353
857079
857181
857198
857285
857432
857598
857830
858187
858602
858689
858723
858768
858832
858907
858964
859110
859269
859530
859581
859709
859849
859865
860007
860152
860656
860778
860970
861367
861534
861770
861997
862029
862249
862443
862581
862778
863046
863084
863171
863484
863788
863870
864093
864124
864254
864296
864486
864493
864650
864669
865367
865690
865782
865980
866444
866561
867274
867283
867294
867724
868256
868319
868321
868507
868740
869211
869307
869402
869711
869777
870008
870686
870693
870806
871067
871577
871649
871693
871710
871856
871912
871972
872007
872077
872283
872559
873126
873454
873765
874222
874416
874664
874951
874958
875049
875127
875139
875147
875627
875849
875989
876339
876508
876561
876565
876681
876696
876725
876829
876883
877052
877219
877396
877544
877695
877809
878047
878685
878886
879043
879140
879644
879645
879723
880050
880114
880213
880228
880389
880462
880702
880710
880719
880895
880912
880988
881037
881287
881577
881928
881974
882532
882803
882822
882882
883052
883595
883634
884159
884422
884555
884590
884957
885125
885210
885228
885320
885534
885693
885801
885917
886517
886877
887326
887439
887441
887655
887926
888006
888959
889068
889230
889602
889707
889831
889899
890144
890189
890195
890443
890462
890528
890738
891010
891163
891666
891680
891688
891821
891864
892460
892590
892697
892825
892905
893063
893140
893293
893419
893476
893688
893828
893892
893969
893990
894127
894623
894721
894879
894973
895191
895262
895264
895762
895851
895891
896060
896170
896584
896709
896731
896790
896885
896985
897601
897741
897908
898390
898517
898805
898833
898905
898987
899475
899732
899867
899977
900055
900138
900251
900502
900708
901434
901550
901568
901598
901604
901605
901630
901839
902254
902264
902615
902937
903241
903405
903525
903662
903792
903990
904040
904153
904309
904398
904406
904536
905245
905338
905653
905672
906024
906125
906149
906197
906530
906811
907308
907441
907483
907703
907717
907875
908312
909160
909175
909892
910026
910178
910363
910598
910674
910801
910810
911650
911801
912020
912245
912332
912355
912356
912432
912710
913289
913496
913556
913615
913620
913698
913859
914264
914435
914801
915123
915190
915455
915463
915592
915840
916097
916199
916246
916761
917204
917236
917283
917286
917292
917412
917474
917634
917999
918069
918402
918555
918555
918580
918759
918785
919048
919189
919447
919600
919749
920064
920311
921035
921183
921189
921407
921916
921976
922378
922670
923152
923246
923278
923283
923347
923521
923796
923833
923905
924841
924848
924980
925368
925543
925999
926293
926500
926889
927144
927597
927701
928363
928620
928658
928717
929811
930445
930700
930857
931256
931282
931351
932116
932258
932700
933230
933231
933399
933697
934111
934137
934574
934872
935726
935966
936193
936242
936352
936365
936474
937033
937254
937399
937701
937755
937832
938123
938157
938180
938212
938391
938420
938476
938501
938568
938687
939328
939344
939428
939566
939609
939714
939953
940034
940127
940673
940679
940724
940829
941214
941256
941696
941875
942559
942699
943277
943654
944203
944207
944306
944334
944768
945059
945649
945675
946189
946217
946255
946279
946390
946502
946527
946621
946667
946670
947280
948157
948437
948511
948834
949273
949743
949964
950000
950741
951143
951306
951367
951967
951976
952272
952375
952538
952665
952762
953144
953351
953590
954838
955095
955236
955873
955934
956029
956437
956456
956667
956710
956790
957073
957099
957342
957443
957551
957863
958197
958316
958325
958580
958812
958920
959626
959715
959733
960021
960355
960488
960694
961315
961364
961447
961481
962019
962191
962272
962341
962421
963025
963391
963427
963904
963912
963979
964051
964178
964236
964312
964573
964756
964915
965008
965078
965588
965949
966228
966744
966918
967429
967585
967753
967852
967856
967978
968038
968108
968141
968238
968700
968702
968742
968842
969953
969998
970158
970471
970681
970760
970819
971425
971564
971709
972073
972075
972384
972517
972570
972593
972804
972909
973142
973234
973256
973262
973543
973612
973812
973861
974067
974150
974389
974495
974690
975536
975830
975920
975950
976056
976115
976186
976258
976338
976475
976499
976687
976726
977464
977631
977744
977750
978319
978699
978865
979219
979251
979572
980028
980212
980373
980377
980473
981009
981438
981656
982198
982394
982515
982610
982732
982833
983012
983044
983187
983269
983861
983872
984009
984148
984261
984423
984602
984963
985426
985429
986307
986414
986443
986797
986811
986815
987068
987091
987222
987384
987469
987993
988170
988181
988442
988498
988532
988702
988986
989037
989050
989393
989578
989685
989827
990175
990278
990337
990359
990360
990405
991142
991287
991344
991567
991666
991885
992037
992172
992327
992410
992474
992593
992653
992791
992821
993070
993234
994030
994129
994154
994263
994390
994426
994660
995098
995529
996258
996484
996567
996718
996882
997083
997569
997658
998051
998076
998334
998656
998742
998862
999097
999520
999695
999942
999979
