732318
955934
261796
396607
507491
178341
876696
286074
260099
72382
586505
2996
729101
671991
659968
503949
741713
715972
664262
766289
494690
194582
702586
253842
685466
234219
845735
921189
575752
154597
238964
629325
813400
435941
320729
553657
699687
867274
503255
770905
628268
290988
887926
770032
80842
806778
548940
586765
910026
52205
255202
110201
629315
35402
136180
97443
391422
672207
887326
540906
647771
745823
567102
757024
501374
743961
414466
791734
877396
161046
880462
629453
281086
172894
370673
154490
321948
854749
863171
530142
560822
552654
139195
109551
273853
314126
665927
168256
523895
512458
281901
613058
712708
576699
230517
246247
80064
333530
754868
603009
629078
416245
914435
40357
341654
506568
200340
62295
689079
321721
376303
225599
813872
512645
648140
755188
770582
120345
636209
442098
572875
476187
715218
2315
873454
260172
316863
16288
895191
149757
346587
327118
366447
836738
753802
486601
326240
9980
794870
520611
813611
697385
31628
232884
205483
984602
863870
375563
844156
645255
472115
309688
581540
594102
900138
341966
887655
980373
250878
312687
188061
793554
62245
506886
47679
543589
318135
82224
917999
314168
350108
882803
340548
86988
301005
180822
126044
629236
669865
32493
915190
508413
208374
456358
332837
445756
168807
53877
885228
705187
717896
630485
284235
477910
917204
207584
782768
215236
293140
519354
164262
766052
333538
426098
247155
110281
600555
269284
486302
311850
913289
580959
25947
677692
334384
512676
760834
165211
774341
957443
618081
503941
918785
421355
332227
144049
764060
593529
938157
385221
903405
902937
735742
612551
204433
973256
613134
309367
410218
126141
979219
720919
89072
391397
858768
579463
88659
483413
389854
570078
682150
169465
988986
859581
448546
12929
312415
457217
482010
654766
661609
565749
544351
901630
188540
385956
315510
667041
695945
592930
657364
934872
549485
135876
398969
948834
978699
245813
542139
341900
618634
843749
542543
41073
221950
958325
338137
577664
457367
307903
698538
613260
612543
739560
566048
14174
925543
350440
376812
531175
333078
214717
428966
678322
96597
784
447294
536272
722309
436349
640555
636058
692915
525143
383766
452898
555465
29480
51429
647754
768383
994030
833563
653395
173379
254359
413080
48788
753937
322365
976186
971564
189715
940034
459817
36834
210667
638170
351254
57590
129361
174610
456423
261425
713039
544996
332961
593940
730244
653695
858689
182298
147607
236867
677860
635974
968700
59547
375297
443625
959733
441463
542489
731463
941875
755669
22063
282874
839971
263131
574469
78680
330460
846547
130734
21034
702047
398337
770156
690638
546443
223304
934111
392187
12690
510597
773668
905653
788154
400967
34171
533274
790831
303304
754788
440601
884555
253003
168573
171392
661337
872007
188283
703833
819673
352637
843266
553263
17043
405729
48139
126892
418619
459041
70331
442899
999979
294421
429574
299550
902615
358317
609912
161708
109868
543852
870686
821594
397669
117620
787882
967856
448297
285899
403369
757735
835526
401361
841189
895262
204128
264398
181900
852689
604653
234939
359032
46248
748999
678252
553434
965588
439430
412743
534534
272415
121277
739143
436566
73087
571127
437099
505601
417470
373525
60210
865782
783754
400674
18305
238258
407165
556282
182298
430048
786282
7254
208770
50355
907717
722815
722778
301548
953590
891864
723594
888959
305841
28348
30781
535903
147374
552513
22400
190772
847956
690364
191863
80095
145210
537569
224870
314517
63547
525116
771358
295529
580891
232302
585798
94636
781469
239987
749397
472795
748459
898987
510150
130382
581689
857181
552556
804413
277386
30533
814352
213809
946279
32257
936193
796583
44297
603363
355860
612090
652071
204952
845368
263208
764990
738361
907703
697784
998742
986307
726405
733550
806792
329040
125861
195079
625241
558829
473023
972804
5449
840511
953351
657288
428105
562251
696265
366432
154438
655190
246131
18240
19964
719300
944334
604286
623022
23205
33924
185776
323572
392888
461943
12424
783450
27448
609847
10398
639589
845695
727808
869307
679101
348797
25756
20142
3329
425862
607396
782667
164930
183377
46263
890528
742617
438939
538947
323696
998334
949743
831082
295349
711545
171687
42401
122702
174949
578633
284886
972517
923905
764737
94586
614830
638621
394732
282394
595301
226340
657715
194275
757449
527956
92683
604692
494895
285769
983269
699690
760516
366604
367040
556803
574119
453037
2074
173635
155308
205517
910598
605181
472102
674322
762674
257722
781276
470780
974495
850048
253961
90963
584698
32771
734931
845253
184350
772753
913620
477879
853061
697267
297910
226742
438344
905338
121384
24561
56884
639482
608422
958580
739188
449033
122743
101441
506773
266218
333908
120377
66162
564390
720332
655266
781856
569125
837623
968238
986797
124428
20087
541086
281373
175772
289801
186984
960694
725175
372161
814286
98334
8965
710033
64433
561111
498134
932700
760252
33445
808296
367986
846442
585894
493040
515354
658079
477494
431331
953144
110460
301179
729514
512150
528800
563654
766795
113691
288911
490612
827894
130399
446565
22992
918555
387736
968141
71827
521264
238006
191912
206840
762820
571250
707520
525047
502797
852897
900708
87521
207956
68524
879140
588550
128307
81983
210064
429267
821712
297340
700696
666219
292072
791126
916097
381642
191557
874416
703501
323482
786675
31840
466794
575720
514895
6122
988498
504733
873765
818827
92346
570334
757365
149946
896060
973262
371261
738365
912332
166877
384744
212482
37189
716271
377523
696568
282865
206579
138043
590223
348353
25413
200676
852686
126748
9659
713135
404551
526079
895264
100690
624344
47627
571281
31014
386235
290423
972570
675640
849539
64552
246600
23786
881974
47872
769820
511852
926889
834099
883052
68797
445027
706669
617556
767091
819690
475933
425699
406508
13911
896985
435202
419090
491993
780283
808222
994154
660059
261265
165434
60612
905245
113545
98137
977631
622247
774618
387925
398839
609947
79317
729583
724590
454192
868319
354649
990360
734415
83213
612817
320487
924841
171029
570671
459905
994426
97836
319151
783548
923283
937832
733615
883634
611310
828407
846191
332699
824469
470776
149645
274648
616890
85495
811886
123050
60440
318521
291904
652611
384824
273176
224124
751058
864669
5482
146305
32488
32486
676317
220528
747912
773950
729147
860656
603781
898805
77863
682702
177774
708126
870693
713536
18893
874951
106115
756586
55060
141472
708092
917474
492794
216401
284873
710492
985426
999097
389382
869711
488152
921035
186078
787304
71064
162924
298532
611137
328742
753632
369129
706310
830844
334076
513910
263531
483047
134055
205898
554554
158567
517219
256790
890189
65370
556718
141590
628377
963904
991666
53731
624015
511389
458792
858723
566547
224890
105159
463017
899977
189934
548080
572396
681959
760037
159272
690278
610589
476071
146262
957551
384075
890195
45151
549598
858964
81749
199347
538710
101642
962019
218806
996484
658804
601595
589564
66301
541183
125731
32820
968108
101879
217
296159
550909
876339
382582
477048
154455
891666
162996
531819
219743
212797
339020
262715
137031
569357
981009
751402
566477
805455
341930
20455
256965
899475
990175
111808
566217
893063
319773
411624
448509
227684
595141
731734
642771
572094
185876
417687
904309
766676
801268
623164
727390
951967
597377
250747
273086
62983
655825
161926
696296
657949
858832
876725
889602
128171
502179
323893
429376
109148
366681
822418
938501
269211
967429
268001
55697
919447
766213
772106
14146
904040
537449
640357
738488
155980
502889
638452
301347
508981
811466
628780
402709
732358
299931
679254
248140
31363
110530
304289
702373
740890
410566
502467
709656
645638
769327
699884
303126
304199
117875
337757
12950
311463
157576
675870
206329
116573
606085
523857
257733
955236
89543
132945
502288
328695
564455
391275
707959
3031
984963
913615
614489
930445
865690
292099
206006
71956
611828
151804
937033
557720
830294
484118
46496
978319
345696
743794
36519
192587
448572
399695
635880
313374
825055
724385
597794
20276
541789
468128
424250
551250
211407
694463
497066
583905
607920
946527
862443
850067
107400
402545
421009
364983
879723
874222
667461
683395
646045
248029
528679
903662
34655
346680
72103
893688
444474
151046
401022
796174
966228
157341
48948
973543
427729
395945
690907
14360
166853
303096
764043
659447
322687
153058
345865
11881
704237
416069
515226
506873
54621
369095
885693
374842
946255
871693
326534
461360
378245
933697
24110
436759
62175
433220
309968
596876
726454
511608
970819
388813
190276
77740
388082
421248
584310
662307
66265
345231
55725
889707
684088
658099
945649
97239
179284
709041
524361
103012
99187
581850
176861
518328
915840
889899
689575
288865
848040
964312
232240
504933
755347
563333
827360
893476
344776
591490
479573
293736
596837
256190
615345
317706
791918
760621
664138
944207
791664
753356
290073
147451
152000
510335
311039
731091
25458
57096
10433
44927
260560
720900
37867
840736
464470
988181
527174
298209
408588
693538
31047
577935
444823
172779
180573
584804
639240
841915
938180
413387
629234
98387
119412
842594
711337
109321
456899
621863
573375
753144
73027
712739
511351
716360
366636
533767
308757
578076
730949
229882
943277
449464
972075
488394
780887
468939
932258
967978
492225
396232
745987
705636
315987
818393
180818
743109
181283
655058
622677
177422
396592
678927
28374
462449
889230
175184
711493
996567
844825
62748
348067
886517
910674
987469
978865
708194
374546
458122
560969
815413
878685
719171
469547
973861
393232
610258
490480
640145
524720
280099
311462
698362
732704
693162
451609
120574
126103
696909
841495
442777
48706
551165
464467
694464
946390
806718
931282
516357
925999
789636
770881
446789
252269
212735
580884
493464
982515
916199
794801
741538
155755
527847
261855
826852
328189
976115
392423
371133
36127
778057
892697
806946
262221
440533
338530
150581
859269
194397
611889
769658
146234
975920
717735
868256
952375
77528
737243
317188
88371
118759
121070
650793
997569
156953
957863
334904
766114
971709
927144
402099
118031
304924
855081
33243
233576
768130
531433
705297
619152
872283
249412
500982
771207
711635
158120
796915
728651
405049
963427
605655
702292
45734
416768
859849
529216
66769
507021
818596
503645
132746
505574
992791
675135
967753
209462
587127
594874
108143
999520
999695
264415
601520
373705
76573
634976
576003
743208
766747
569139
696716
673397
644319
249800
334667
609259
81464
459738
357197
167326
670460
250249
14753
210760
534591
233270
286897
495522
643273
676300
901434
174994
644819
667057
58178
247990
234047
752504
37863
250884
404187
700483
201071
415908
341497
697758
101099
789494
114032
302884
864124
114084
62782
42495
109679
523101
691132
407487
368140
31285
894721
125064
747099
752909
37122
555471
552849
884422
273159
778688
733307
942699
939566
699059
377701
390964
936352
853460
238648
41998
923347
792066
799160
789290
715177
251981
743657
466191
12629
361284
861367
998656
525576
33075
946217
324471
273571
998862
669467
325480
504180
426595
417792
809830
826681
989827
404678
202134
976726
22529
302935
338489
195037
168623
228351
826710
855844
371046
671252
817560
895851
885210
944306
111868
37608
589837
141776
807672
256363
69890
703124
805530
233915
811938
340722
465473
525115
127355
168979
89840
876829
131955
850107
684475
218139
573363
846963
893140
398011
312380
907441
487375
108232
913698
585211
633680
88064
958812
638255
992593
923152
915123
374435
295589
214763
590834
498253
53494
799275
863788
254851
237018
32061
7828
222962
679126
718479
280437
880702
8774
454085
531889
830614
266473
40366
282764
174192
303836
63968
38550
71639
502689
857079
798918
611019
852239
226970
41262
398118
479645
140593
473389
436945
630980
995529
746117
298670
483942
981438
20236
180311
776044
607301
559345
14306
446259
519731
992327
906197
162466
334894
689258
349178
562762
207569
15142
770902
226199
275865
618364
715717
883595
275497
354377
127276
301109
765762
701800
872559
990278
720196
443115
424311
190486
177406
498403
814428
459720
632673
325653
775014
909160
501131
440534
65985
105830
347894
268369
176619
578500
663900
22482
172864
567570
990337
257932
30118
615996
363819
505745
131525
796505
182589
912245
111110
919189
609454
939714
578221
186950
646808
276127
902254
847900
518657
592806
588645
211262
727364
663440
306940
475925
233702
479113
731487
260894
998076
656893
694302
915463
229349
49420
858907
987091
857598
550398
928620
159920
61813
723628
313028
375366
356887
429450
662713
816562
267558
371591
687919
360504
895762
42115
433870
465797
502717
881037
530442
88286
871710
593688
277845
597943
635465
995098
271989
174960
650335
111003
48872
114727
617380
548461
261725
570722
821026
449017
808933
303229
393451
996258
851623
910363
154893
989578
344462
362556
837807
527973
763974
824021
559215
186352
719841
143046
440848
372552
32245
144347
180573
121838
489422
40264
774473
759064
126796
887439
789365
93805
428382
571547
305592
121873
904153
200286
15430
138143
20792
288747
313064
583954
491828
697764
440414
143359
672882
891821
902264
406586
792765
641782
582923
956456
744848
538710
816370
51919
483914
993234
525807
900251
54553
154629
90407
728460
845834
509757
745260
619047
458423
820246
101105
110891
886877
603299
831839
543430
50428
968842
442033
702927
145908
728387
913496
521893
496137
931351
394370
636918
444791
690939
135171
757435
152451
507605
34558
652501
349370
811561
833816
290713
398758
440858
124038
49969
670715
82583
678795
841253
284162
443784
627885
382009
156361
851581
581943
338706
639384
810420
384600
548348
115794
54134
938212
548436
161742
695028
282902
805235
255685
538495
344244
446025
338008
360212
556708
474760
562702
295766
879645
522304
802003
379937
497372
421479
630118
728779
193667
454814
151139
216580
558563
654275
391697
509317
856353
790629
76191
674967
736112
698495
315175
373380
398915
295185
591380
417954
445490
718099
32359
231904
827462
896170
71256
776968
966918
907483
951367
622442
380819
305111
710502
457407
359116
893828
382433
769880
792647
652090
302020
365555
381318
685871
657492
195280
991287
494260
494647
24076
534248
57276
229328
586268
980028
218720
268111
913556
128219
296190
600128
754678
131841
834659
177266
456996
467581
220308
652808
40042
628182
56975
374850
336037
633025
793729
454838
227750
772496
661758
696822
315915
266759
621619
923833
251654
133762
803526
216810
727815
570932
257566
689259
933231
766463
269450
855793
870806
679085
658406
673277
798786
893990
322013
241173
515667
515525
517911
210969
806928
257193
408836
686618
275153
364995
189806
641303
213243
587447
919600
457049
33291
605043
869211
7258
984423
427288
70131
148920
745022
83738
917412
240987
716066
609371
216986
407052
956667
827162
295216
469853
901839
564881
491751
540908
227588
595186
245379
501706
93800
192975
141648
352552
782722
350798
821683
34814
231063
17612
713998
891010
982610
145551
353425
316724
153666
289902
835832
288513
641012
648890
347761
560643
659142
636087
277116
39114
394652
133061
422103
407206
262466
989685
383483
211776
651501
661439
14940
299893
590123
535024
835425
959626
320073
280219
772729
523032
685231
456173
911650
890443
508526
766833
144407
875127
56587
871856
381496
918402
302045
894623
106882
440905
992172
571044
121990
910801
52461
233567
328110
933399
239677
929811
758253
138582
442334
364172
246735
27644
961481
695015
330887
271
201381
235678
278983
189535
21978
223532
291545
405821
660844
499176
694242
502980
583857
935726
59411
446616
106499
510826
265903
464339
125919
11728
834102
523945
215429
113284
567461
73258
229218
507229
218305
661477
174253
729163
837410
243668
232687
8306
796635
181084
345397
169471
536911
256526
648210
578324
254299
846364
527828
510262
376231
988442
203905
400445
95788
760570
164898
938420
447923
871577
512673
424716
421708
787083
267063
875139
793409
669176
503857
222628
672858
60991
197277
60414
730724
749987
880114
361057
724982
223133
634687
548821
90782
89065
599077
290612
96395
842171
677816
789596
594604
787911
455203
463276
903241
191693
404965
703925
437318
732773
287090
576398
669022
408911
44577
210407
58900
571499
284869
608980
710080
152068
518186
311946
864254
540134
230130
555666
810873
657762
329685
285616
37689
898390
89917
428131
173919
429515
906024
873126
445991
580187
78187
337936
148157
256485
583129
892825
951976
783369
631942
438664
598622
323904
503597
791834
194217
557699
153871
776068
679557
370496
332569
963979
697913
601369
243361
722287
865980
566086
86323
258516
457719
178387
262146
88445
655832
181220
532354
976258
961315
219257
143155
992653
272062
436859
607740
398075
710577
958920
338984
735281
624289
618391
116597
431565
566018
591539
984148
645014
800681
841754
459652
255963
225011
710326
878047
366044
941696
950000
703521
818737
493445
531745
368849
391456
945059
956029
596076
325938
975830
912710
773037
339299
491659
380702
811645
781449
988532
938123
353157
719631
94411
705525
720653
52750
672412
372779
832450
880895
889831
381902
231951
685274
607218
225260
366398
893969
557047
748036
790130
598647
575858
662650
776306
806919
230977
44191
566889
336963
222186
461041
312842
956437
734976
611967
440900
616642
482114
538831
437920
785277
30170
47925
400523
81907
506695
288893
640413
102920
446417
389345
188800
464070
102222
801444
852823
198439
824134
332495
923796
44491
11727
500530
340064
777404
197698
436684
535643
918759
176730
241124
905672
684544
617357
492390
981656
218377
892590
79201
452995
247879
804252
405791
866444
744321
403477
151161
269247
996718
777826
915592
700301
636810
516776
122098
297036
284887
505672
932116
960021
539696
464351
847256
248560
713194
180564
476731
673800
138270
456696
442668
73820
741392
207990
707037
115571
218791
41853
860778
29176
901604
537269
472982
968742
283038
907875
625077
488529
255791
622739
623516
706850
973812
609311
973612
347103
495998
289666
592321
183008
575974
740241
737088
277051
440036
568793
295563
923521
209317
513249
936242
990359
991142
546727
636858
643202
102005
491360
183682
402306
542849
793518
62294
667425
334986
758519
488084
680931
60443
629037
802621
864093
222524
890144
898833
521099
849793
866561
824677
789795
101885
585585
772474
169243
595722
272085
108254
934137
445784
468390
831114
622102
404927
906811
574923
884957
203370
325782
481980
716930
754528
845769
695599
301048
406025
164214
674147
192104
49223
921407
372014
920064
60220
518077
298463
893892
228199
611642
84167
889068
851768
541434
261148
187795
313182
171521
764691
972593
665003
51214
306746
333083
900055
303135
645407
642261
424208
210460
317062
323917
645429
820395
34852
389214
219246
315628
190716
393108
211099
835299
609741
45941
495627
51422
177832
802621
947280
771468
277776
602856
127046
815282
358794
788881
140033
45351
283065
400441
210051
694259
678275
663256
373714
939953
697099
417592
205631
237799
844492
560913
655391
573136
620853
281965
918555
564179
541889
840654
277622
588756
474216
456965
898905
156650
215013
420097
569968
309383
525385
964051
611250
234904
410130
462328
682093
924848
186815
227820
657039
132883
175715
363632
334087
438775
850850
917236
65535
672058
749828
999942
308186
123087
101649
926500
852650
291237
415695
756120
744058
211898
220415
291956
739387
807194
338784
745820
830143
759832
337847
466645
412018
354220
29175
828028
741219
574882
706190
374433
880719
877219
551086
561558
395163
817263
138199
825274
20593
305488
298485
452973
621230
603278
61867
126986
639029
449635
657873
345670
575532
653715
470160
957073
514817
508616
284364
440461
708748
803943
392097
136147
144031
633657
571786
885534
429788
326078
33738
89543
104799
19928
804971
336156
842504
514652
992474
459950
548994
355898
917283
30951
940127
762375
797466
861997
569485
687889
723183
705534
971425
168234
745877
720447
316892
955095
50788
746118
361494
329723
381387
123588
72568
195586
377289
930700
709084
341897
211168
6190
989050
939609
979251
587079
418625
195989
901550
813203
328591
750403
454690
825855
465081
118725
339442
15152
485697
237006
875849
668030
808772
81653
399458
820849
169542
152079
490376
937399
658680
444107
507375
295906
792286
321008
15798
727507
451483
248465
908312
739798
106332
205369
951306
931256
955873
343246
603610
318669
450725
233834
634105
989393
250260
257699
779658
228146
471902
114079
311412
912355
669545
381065
294831
569302
134316
793682
830715
671478
803976
896731
882822
285049
320262
756605
897741
638375
328819
561458
95083
664508
222860
305247
403229
62119
673609
374123
165217
567288
456162
317006
624237
986443
976499
179201
655202
576866
21896
792512
242485
100552
964178
652371
53706
665448
522783
963025
239113
645548
862029
734871
593304
718015
678712
504142
752019
701246
415465
71451
893419
276068
852251
380646
237403
303723
661594
842917
461530
333154
210984
64663
526260
133398
780511
456686
211523
266649
303784
518313
975536
568390
678586
468734
502865
414811
741795
617245
948157
316337
603327
252653
139581
591155
910810
173444
246971
661423
591709
106989
782087
415528
605318
974690
60859
595981
268329
800150
896584
37198
171512
670390
288786
530947
860152
994390
260047
127934
585239
681576
849939
739289
176349
52120
159103
581175
291395
15388
578603
375739
483634
980473
247087
142096
538166
712452
545962
538443
485016
546758
513259
188540
435287
357336
757964
963391
349127
292553
862581
836807
104495
503901
300935
389282
277234
541115
828702
384452
371015
577849
326949
96850
17879
225839
351226
90186
510531
207781
175444
377306
263363
513007
970158
824783
263036
157541
843305
838207
461445
389302
578238
95013
35477
371551
840911
512106
960355
385404
534599
552061
158635
641389
663227
802512
880912
727799
144394
737317
61169
756188
749674
914801
821457
415956
817891
445557
274802
465732
608265
411872
491100
661276
628196
584946
635365
320631
607182
241008
555329
851724
874958
830173
490799
197183
317785
562987
987068
842661
89510
346416
737573
54705
464649
800892
752747
483165
521790
426662
574428
84281
289991
988170
575307
928658
338449
689818
544655
937755
315875
964915
258734
925368
63443
653234
491619
223339
894973
381397
103704
639698
356323
560968
383977
325826
826066
223182
622370
207225
230706
292626
617719
377490
654889
197713
275474
989037
251704
759713
153085
768065
319420
40560
871649
655054
113093
614468
578453
770382
174554
55287
875627
456746
546028
750457
782484
732573
837910
710524
182618
444666
514934
377176
60797
939428
146284
600789
432740
4620
28607
260475
464703
876508
483540
868740
452978
301214
274127
103817
938391
93815
541378
381276
847746
760564
741770
695714
482510
847530
512122
326093
135028
196108
366571
807177
769363
140114
982732
113054
45274
675774
183259
115194
630496
596169
117859
823256
557194
56590
628436
336409
148975
945675
992410
332565
867294
693747
936365
565231
295151
814891
796575
176039
679012
358919
682526
24479
960488
373838
195039
300990
715405
494588
983861
921916
606281
120341
869402
750593
713679
318203
540231
235101
885125
810773
288813
261374
622634
933230
202943
43006
804215
664994
963912
67411
654383
163152
636605
78187
742542
594123
431306
541563
662756
227018
327185
121499
937701
312165
651274
503888
625128
394819
422686
175390
500256
133134
516275
424185
408048
72328
917292
442724
435771
467731
867283
366021
949964
836195
308127
16084
242376
709435
364045
405498
365566
266272
7201
720511
748131
522040
726989
832805
857198
546531
864486
597079
296486
817794
324892
198062
449596
23971
940679
371700
412088
650028
641341
262124
514646
530354
927597
756295
521222
580231
73592
634944
217087
387391
674652
612270
912356
414897
657838
596485
917286
723007
857285
321924
904536
198601
404523
789143
6578
855560
735960
817837
700611
707804
990405
550605
321572
793293
660358
100456
703197
967852
197115
375951
350784
400183
944203
982394
549019
555383
23117
750047
385688
603876
270261
762753
162599
371001
801395
97325
174001
8505
491208
329182
150553
901598
389822
501692
17990
74752
790263
742919
125429
416789
831911
569318
661596
659150
202210
774760
108429
26904
528181
972909
443020
357709
555000
307111
721440
959715
325237
588138
720019
875147
216885
969998
533200
785125
96486
985429
452206
478850
305514
59983
536860
988702
306283
545503
986811
412313
553520
327608
200188
385601
508554
118294
839765
96801
750806
777414
882532
77327
923278
807866
379557
934574
147692
673457
633214
596937
176608
116117
377769
802527
117403
982833
34135
274266
654788
854181
423318
394564
222508
784315
720446
351445
693972
276791
463709
53905
454582
848094
66643
810365
62695
238441
51731
611584
509163
594457
569127
342344
751708
402376
100851
949273
23274
155927
927701
997658
693744
180837
74242
946667
332498
991344
853128
629988
46064
230673
413704
195093
139363
728293
744752
24257
693484
973142
916246
59485
478288
614193
125623
451285
681610
690164
47979
838248
188407
298739
498364
962272
977744
463003
502607
143307
544541
383457
36034
387481
519752
18786
970760
727232
594796
828261
769581
937254
308229
153037
808021
742958
952762
884590
31730
215305
719571
560771
764746
551106
209286
571082
73985
875049
811533
515132
28214
125507
345407
401619
506436
976687
376601
808632
274869
45905
174592
601530
506775
79891
17932
493785
167802
116627
246983
520697
939344
750782
820458
283974
895891
330700
30288
27319
471238
113483
173750
481130
987222
756303
987993
274516
781621
196092
766787
646251
345916
302187
211946
496854
798162
676512
290722
321741
862249
111594
585494
358091
552487
442681
226664
355418
877695
831434
768701
825272
44930
247043
31248
974389
769418
875989
131588
251378
251848
716681
406851
984261
803860
196801
4256
313924
764184
669587
799598
78291
441279
507474
450629
862778
363514
598321
303829
404022
241780
236462
358931
718751
519810
370530
839489
608640
503282
463732
958197
678263
171665
519936
381107
364189
535377
974067
860970
477866
277050
921183
896885
602071
318547
141385
194423
69583
382852
973234
724279
724974
98919
474991
909892
18776
524054
638553
415277
814031
936474
325523
660999
864296
638047
305956
890462
986414
432191
286244
996882
921976
377941
752540
768629
178147
78850
940724
565606
289203
904398
416243
540575
83582
948511
870008
711261
970471
643954
452642
588875
531026
205828
962421
864493
292164
441721
347825
363496
763372
516008
593683
632946
206413
815265
239821
118113
744398
816978
612538
818196
982198
602393
548364
695036
276759
301843
647010
720856
21505
938687
766449
194053
209590
294145
744947
649639
972384
809346
818576
629135
914264
308776
133190
147474
430608
628614
638355
207515
13217
610330
685386
473377
95054
657066
362549
502596
579020
229331
756733
840097
879043
116617
686354
167766
129523
381123
310640
682670
617335
532034
314407
311531
820450
30730
71550
473924
315780
779835
867724
535811
613372
523969
654567
33592
542948
562370
876565
801869
98069
711621
567580
156092
194310
268488
893293
47578
733247
199756
608275
196243
603122
804253
39000
38599
184016
574353
552555
362397
746806
508882
385523
436237
983187
124373
387251
747488
613915
65342
283501
706313
649822
505839
834876
830232
948437
827046
507891
885320
943654
598159
432130
903525
930857
41368
3225
508954
451049
240148
679599
379570
126271
572907
616472
437772
332222
239017
155771
776324
731291
940673
202620
217323
957342
461177
742041
370613
590227
588370
675627
486330
459523
270853
815630
201823
774611
516414
166338
991885
187776
547900
469074
811430
957099
729958
456122
92030
433111
79580
992821
60374
477279
36977
910178
750759
729289
138633
842874
175739
26955
881287
255233
324954
749746
643727
699937
814162
611883
462486
697107
657055
599629
614185
794302
975950
986815
406740
871912
225275
582542
431302
65921
414451
938476
363239
198947
857432
357574
289571
184772
676835
214036
328931
686265
203286
76268
48376
863484
106870
300515
191962
287506
835378
994263
432561
31925
437617
274431
950741
810035
544816
974150
899867
457634
367596
693389
601680
62117
690277
220756
667656
384539
874664
26935
689457
81840
952272
441291
976338
448588
192808
364668
740765
30261
742778
275230
74033
247746
498497
128189
576434
260310
917634
476685
490870
563823
882882
998051
880213
174916
184797
696050
533714
673639
519370
748752
171963
195789
437439
789597
997083
984009
956790
640382
401190
728881
30446
451009
956710
659085
877809
668036
210648
487799
544703
187551
742435
427921
643439
577225
156836
463922
744861
23524
285023
647531
379955
906530
128873
423160
124366
247761
784619
358354
664733
354787
13801
698096
607074
37444
536963
343666
729849
211597
719157
707916
749825
897601
600131
987384
270291
834639
836364
690760
589849
891688
805674
81889
751161
778261
250627
402664
946621
257890
302096
659159
832860
312233
698693
785648
348654
811673
253700
182794
966744
740144
695253
772772
994660
534
171798
627565
581780
872077
183052
19547
912432
765836
765550
737675
977750
876681
701413
498047
643606
916761
880710
401384
121037
8268
730063
285914
795907
839824
229706
209537
693663
46245
958316
426057
574117
425603
977464
529813
477508
712207
621501
954838
108497
122953
826400
651750
247926
193768
619991
235769
251638
231923
325587
555463
939328
435708
486245
397591
831576
178953
786614
627873
770204
252239
654237
736028
452671
640911
523610
23903
497571
302776
742835
265614
96507
50572
560526
6850
716131
497051
922670
863084
965949
382070
652656
730813
216149
430866
961447
215251
625721
526777
45055
199067
348618
410663
576792
797858
675870
463057
779076
492731
84103
92363
983012
131150
510557
163803
731636
149482
651414
515861
566928
865367
632316
642812
604892
167858
199142
351128
859530
946502
212676
968038
57901
72263
242488
460880
847152
767981
877544
751273
896709
812664
892905
134768
282945
571387
603966
510821
507419
962191
281304
415700
265388
702480
961364
448437
528591
333204
171139
275673
256685
459457
938568
920311
830042
464097
749668
429404
270608
418507
876561
218940
413423
622951
326230
211135
671705
784284
206387
33232
821624
941214
308480
356354
122343
332321
616236
219948
907308
601226
991567
336764
420619
227608
722148
807395
459465
353394
117254
695195
845608
906125
88707
52627
613016
565108
366334
805834
322545
581797
983872
450987
18090
633465
885801
252786
763743
659584
965078
640802
573666
665402
12160
200903
376260
497644
835002
962341
202180
69911
877052
440681
89005
623771
685842
732026
858187
610757
899732
714555
313229
12032
159452
95804
270562
284846
252299
495123
618103
801015
297843
589879
383160
167111
557954
21147
337290
69372
168872
539217
22732
575329
778871
521769
112282
413047
172544
822590
859709
609164
190303
501750
835070
414891
721340
645758
252629
607582
542429
571406
935966
298178
771389
924980
112679
395855
881577
675667
453865
528212
496838
868321
508300
731583
644682
153040
376558
288378
262267
730306
890738
833018
531468
513877
879644
579607
885917
485680
289912
100342
673606
96089
147984
546725
54072
323895
756374
486571
650186
571080
48031
351256
390775
884159
73207
580599
824875
272291
337519
457910
918580
127967
833729
472181
903990
329498
135954
5316
239428
554643
606824
868507
286102
73715
169565
292633
915455
690797
244856
710030
555541
612991
570098
174734
942559
595070
691600
777430
359290
859865
427750
19922
776888
919048
286461
397138
646484
229068
617981
442335
411994
926293
940829
372776
412699
585112
760126
63642
214355
660921
78917
642009
554377
281737
689521
894127
309208
736723
245691
859110
918069
340505
135917
277386
422203
864650
353082
447767
796779
860007
837852
734832
576606
340852
596826
213702
724654
129841
93954
226825
167536
168442
128270
964573
285022
137580
461991
724961
352388
294952
735314
115364
562860
421233
602701
743756
731806
827592
964756
617828
675989
967585
23599
687924
631701
94296
473019
680992
507615
970681
519319
255612
861770
776584
15137
994129
454074
570378
316823
891163
746418
127625
167239
765568
314534
952665
233325
142626
590072
318254
23016
552076
878886
845269
703698
339846
153572
24112
671616
295620
773671
618554
421019
552321
892460
534399
841607
78302
445715
189857
888006
507270
243961
156951
601293
880389
600815
87271
793163
944768
760713
653728
289709
45879
338534
612335
86505
354532
427460
520265
641881
533617
928717
388382
813373
148036
243823
138463
210344
112318
811224
794739
717979
843726
364228
387231
11253
249686
787114
839470
382023
770994
461492
833561
112752
620168
395498
871972
477969
388746
443964
438611
486373
922378
309888
150138
444461
1589
131212
591428
314641
519583
65954
614762
85344
458296
144969
554602
583645
891680
871067
746604
80224
372256
578181
337460
561208
857830
813946
762542
343222
606460
36693
979572
606639
68414
880988
203250
571831
593971
952538
319462
830495
695867
804280
283036
549393
901568
770554
271888
912020
941256
721660
815255
976056
457057
61103
254930
869777
62398
681143
766123
468441
508458
767487
529246
421344
532053
456983
233134
919749
501586
364239
209300
771549
639030
221889
880228
130423
546845
298806
452788
822652
828758
636252
747078
772712
259183
830131
324115
969953
79819
336046
390333
63381
85910
125678
393741
438316
418553
452956
590929
502149
792127
582137
92522
530639
190467
620537
50649
756546
167427
227697
4094
968702
489973
946189
671416
466629
819522
225045
739821
265337
371557
538833
983044
164342
41797
68484
455835
330787
437226
461837
621933
787208
863046
606749
543107
413115
51534
504748
462556
897908
269706
56281
368911
951143
254462
844435
52866
412767
296252
965008
788556
329481
858602
980377
457276
693162
716491
2392
15132
479657
209920
786449
187707
757154
755576
643257
75267
421890
671508
820172
404342
478297
741893
790035
676784
393769
500076
615739
376258
17539
90675
543581
772089
546784
72726
516377
582323
244745
928363
75932
896790
151307
911801
583617
648040
903792
694442
605197
194494
904406
324742
876883
387109
197394
64564
394289
312098
301988
964236
992037
824762
336987
126463
603073
379549
530801
906149
605404
976475
593051
290205
544578
528577
743398
295433
462338
734521
880050
632563
303744
38269
993070
510910
366039
805930
631815
244182
628745
588580
120600
363256
214610
257544
221389
249240
900502
502925
599552
93909
824092
100900
582969
817275
909175
420113
215212
36742
972073
740972
830867
730717
596350
375675
821810
87379
621621
584485
570202
389737
611069
577651
492665
887441
131793
216203
299455
923246
851621
473660
377174
517211
400425
576813
786086
485943
215770
90694
404308
100631
301221
201259
163440
751244
414011
231615
980212
771596
824479
212782
252732
89979
67397
854564
426113
16384
408007
745378
280443
330317
55247
913859
3399
946670
432296
269946
490600
177119
639346
477342
881928
537983
861534
328014
898517
569713
901605
328761
551938
894879
526679
753186
249328
130711
